447: 1027,65,184,110,704,1186
1: 118,6,78,261,186
90: 83,19,211,372,224,283
313: 1082,391,1374
241: 712,217,557,124,641,702
5: 1064,94,422,371,55,338
6: 1,78,100,261,66,329
7: 137,325,931,349,1013,152
8: 482,381,912,624,1019,498
9: 24,404,84,338,287,23
10: 160,410,113,171,118
64: 402,246,259,42,317,340
12: 160,113,53,566,190,793
13: 363,621,249,1224,93,303
14: 258,165,153,77,61,233
15: 288,455,406,688,703,668
16: 794,1129,1205,589,164,34,264
17: 276,44,32,63,157,226
18: 380,229,617,774,414,114
19: 83,623,356,90,283,149
20: 442,624,446,812,297
21: 358,41,423,257,530,389
22: 276,32,319,232,532,94
23: 33,913,981,9,404,287
24: 854,55,388,9,84,338
25: 227,940,448,955,676,917
26: 651,235,198,675,250,935
27: 278,283,192,149,780,112
28: 384,225,434,354,38,259
29: 46,768,287,86,220,33
30: 620,692,242,520,277,642
31: 176,721,263,182,237,345
32: 17,276,22,371,63,94
33: 23,220,212,913,287,29
34: 589,81,472,16,264
35: 258,77,608,216,557,124
36: 622,530,389,421,650,324
37: 255,207,648,491,766
38: 409,246,638,259,28,225
39: 651,85,333,1346,144,801
40: 323,326,458,346,167,260
41: 358,45,21,389,410,547
42: 340,885,485,64,402,266
43: 308,286,166,207,766
44: 17,276,143,108,300,226
45: 358,41,108,226,410,171
46: 735,29,317,768,340,220
47: 812,573,95,297,256,1073
48: 344,121,91,457,435,221
49: 138,105,876,1266,1408
52: 333,1058,304,936,519,85
53: 104,324,566,12,547,113
54: 102,240,79,319,450,143
55: 24,388,338,371,88,5
56: 501,71,337,78,66,649
57: 102,79,472,120,1300,488
58: 570,1065,1394,346,141,1043
59: 804,683,162,195,196,145
60: 278,149,356,735,768
61: 77,14,233,70,179,293
99: 649,290,71,181,201,452
63: 17,371,32,157,186,88
65: 266,1027,447,302,184,402
66: 154,329,649,56,6,78
67: 312,608,733,561,557,702
68: 116,570,1065,903,200,215
69: 1232,663,1243,875,610
70: 765,183,216,179,77,61
71: 501,836,56,181,649,99
72: 904,244,1000,1205,204,846
73: 639,493,126,110,820,1186
74: 559,536,503,819,565,127
203: 843,1095,473,677,847
76: 381,446,274,913,981
77: 258,14,35,61,216,70
78: 1,6,337,56,66
79: 54,102,240,57,331,120
80: 605,130,606,411,622,421
81: 102,450,472,34,876,1408
82: 725,195,904,280,136,846
83: 623,19,90,675,998,224
84: 854,24,9,287,86,780
85: 519,1080,39,52,333
86: 278,780,84,287,29,768
87: 1077,767,282,275,648,491
88: 261,186,371,63,55,388
89: 956,164,139,1013,152,1129
91: 344,308,121,407,48,362
92: 539,359,390,674,318,752
93: 253,303,362,363,13,344
94: 532,5,422,22,371,32
95: 812,573,47,765,179,115
96: 390,98,554,1254,318,298
97: 176,263,238,473,536,503
98: 96,247,554,1254,571,1152
100: 6,261,329,854,388,192
101: 741,830,1078,1187,1111,1060
102: 54,79,57,450,81,472
103: 1072,1119,797,441,656,719
104: 650,53,850,324,566
105: 49,138,1266,236,498,1312
106: 623,998,833,412,1063,477
107: 265,571,485,861,1063,1152
108: 358,365,45,300,226,44
109: 931,349,1000,307,1055
110: 184,409,447,126,73,1186
111: 205,435,330,221,1256,515
112: 211,154,329,283,192,27
113: 10,12,160,410,547,53
114: 1058,304,767,774,380,18
115: 765,145,162,442,812,95
116: 133,465,68,1065,903,180
204: 148,128,846,72,1000,1055
118: 1,186,10,171,157
119: 234,544,1268,674,754
120: 627,331,269,488,79,57
121: 1009,407,91,48,457,762
122: 139,474,408,468,137,152
123: 384,434,146,446,274
124: 241,557,641,258,449,35
125: 139,474,150,206,956
126: 639,73,180,409,638,110
127: 605,565,74,503,175,411
128: 204,366,148,288,688,1055
129: 166,253,161,282,207,648
130: 606,80,223,980,731,622
131: 538,526,514,661,726,471
132: 430,178,397,151,156,1322
133: 465,116,1065,1394,543
134: 475,531,437,382,823
135: 963,693,248,1195,351,1025
136: 350,148,846,804,195,82
137: 325,7,152,122,408,353
138: 49,105,876,232,236,532
139: 125,474,122,956,89,152
140: 400,1056,355,378,330,285
141: 346,1043,316,167,268,58
142: 270,1224,1163,923,789,322
143: 276,44,300,54,240,319
144: 528,436,198,801,651,39
145: 196,765,183,115,59,162
146: 543,123,434,505,1073
147: 178,156,188,1103,314,234
148: 350,136,204,366,128,846
149: 278,283,27,60,356,19
150: 440,1035,334,125,206
151: 430,132,1322,517,710,600
152: 137,1013,7,139,122,89
153: 258,165,449,14,514,518
154: 211,112,66,329,649,290
155: 612,858,1215,716,652,781
156: 178,132,147,1322,234,544
157: 17,63,226,171,118,186
158: 513,1242,682,163,306
159: 448,955,1004,1184,578,222
160: 10,12,113,190,337
161: 129,253,303,282,252,615
162: 59,683,461,442,145,115
163: 158,682,1199,306,522,508
164: 589,89,1409,16,1129
165: 153,14,233,867,518,170
166: 129,253,362,308,43,207
167: 346,141,316,867,40,458
168: 629,385,209,511,432,635
169: 345,594,627,331,375,427
170: 500,518,165,867,954,458
171: 10,410,45,226,157,118
172: 267,830,466,1405,737,679
173: 995,1032,632,785,289,555
174: 323,326,736,382,560,823
175: 263,237,503,127,411,202
176: 97,31,263,182,238,694
177: 1127,464,717,567,753,643
178: 397,132,147,156,401,1103
179: 765,70,573,95,61,293
180: 639,126,638,465,116,903
181: 71,836,201,766,99
182: 176,31,694,556,345,375
183: 718,196,765,145,216,70
184: 409,402,246,110,447,65
185: 599,1402,715,219,227,1170
186: 1,118,261,88,63,157
187: 325,931,209,511,897,307
188: 1022,1103,947,147,314,247
189: 219,889,281,262,193,758
190: 501,814,793,337,12,160
191: 940,955,1004,537,942,816
192: 27,780,100,112,329,854
193: 348,916,189,281,262
194: 616,569,610,902,513,1242
195: 804,59,683,725,82,136
196: 718,145,183,804,59,374
197: 897,1144,393,272,385,209
198: 528,144,224,651,26,675
199: 1395,332,309,1316,378,1256
200: 215,260,431,301,68,570
201: 255,181,99,452,436
202: 411,257,530,421,175,237
205: 111,1256,309,939,515,1221
206: 956,1300,488,1409,440,150,125
207: 37,648,766,166,129,43
208: 374,312,251,561,350,366
209: 385,168,511,187,897,197
210: 369,1306,392,1279,802,919
211: 154,112,290,372,283,90
212: 220,33,274,354,913,384
213: 541,775,607,759,859,416
214: 996,394,1007,720,620,444
215: 200,431,68,903,563,1094
216: 718,183,70,608,77,35
217: 712,241,702,535,562,499
218: 789,445,748,740,322,1359
219: 1005,889,189,185,758,1170
220: 33,212,354,29,317,46
221: 457,435,330,111,285,48
222: 273,578,291,454,159,448
223: 980,130,622,650,850
224: 528,198,372,83,90,675
225: 28,543,434,38,638,465
226: 108,45,171,17,44,157
227: 940,25,185,715,676,1170
228: 417,612,1282,732,1132,1036
229: 311,478,380,18,414,784
230: 507,496,737,1097,1372,267
231: 496,737,679,403,424,352
232: 319,450,22,138,876,532
233: 165,14,61,293,316,867
234: 119,544,147,156,754,314
235: 425,1080,651,26,1206,250
236: 532,422,1019,498,138,105
237: 31,175,721,263,257,202
238: 176,97,473,694,593,847
239: 1187,820,579,306,1111,513
240: 54,79,594,331,300,143
242: 620,692,30,640,708,720
243: 538,526,500,460,669,613
244: 72,1000,1129,1205,349,1013
245: 744,961,1244,1190,1208,1167
246: 184,38,64,409,402,259
247: 314,98,554,188,1022,571,477
248: 135,1370,693,611,1195
249: 13,1224,789,1369,303,615
250: 1206,935,947,235,26
251: 208,312,688,366,668,341
252: 275,690,983,615,161,282
253: 166,93,129,161,303,362
254: 516,398,1078,1326,1405
255: 201,37,491,1346,436,801
256: 573,47,1073,505,1043,268
257: 202,530,721,237,423,21
258: 153,77,449,14,35,124
259: 38,64,246,354,317,28
260: 200,301,346,570,40,326
261: 1,6,100,186,88,388
262: 889,189,979,1045,609,348,193
263: 176,97,31,175,237,503
264: 1408,34,794,16
265: 485,107,1063,833,885
266: 65,302,42,485,861,402
267: 810,466,172,737,230,1372,626
268: 141,293,1043,316,573,256
269: 440,451,633,627,120,488
270: 621,1221,1224,142,1163,419
271: 497,489,626,296,1088,763
272: 197,393,336,385,773,1379
273: 399,291,222,454,408,468
274: 212,913,446,76,123,384
275: 983,252,774,282,767,87
276: 17,44,22,143,32,319
277: 30,520,642,425,397,401
278: 86,27,149,60,780,768
279: 914,976,418,533,868,481
280: 1266,904,794,725,82
281: 189,916,193,758,357,1175
282: 129,161,275,252,648,87
283: 27,149,211,112,19,90
284: 960,1286,1357
285: 457,330,221,140,714,400
286: 308,407,43,814,793,836
287: 9,84,86,23,33,29
288: 15,455,688,1055,128
289: 173,1032,632,984,1272,438
290: 211,154,649,99,452,372
291: 273,222,448,917,294,468
292: 821,302,1254,516,298
293: 316,268,179,573,61,233
294: 474,468,1130,917,291
295: 652,667,553,979,1212,1045
296: 489,271,763,730,1338,1059
297: 812,47,1073,20,446
298: 516,318,1326,96,1254,292
299: 1352,1275,1147,644,1214
300: 365,108,594,240,44,143
301: 200,260,437,431,382,326
302: 266,1027,821,292,65,861
303: 93,253,161,13,249,615
304: 52,333,1077,1058,767,114
305: 667,1020,553,978,618,1160
306: 820,239,508,158,513,163
307: 1125,187,109,931,897
308: 407,91,286,166,362,43
309: 990,199,332,939,205,1256
310: 456,1342,657,914,481,805
311: 654,478,380,1092,229
312: 208,251,67,733,561,341
314: 754,247,554,188,147,234
315: 1101,370,882,1193,1157,602
316: 141,293,167,867,268,233
317: 46,340,220,354,64,259
318: 298,752,1326,96,390,92
319: 54,450,232,276,22,143
320: 1337,1251,825,896,368
321: 
322: 789,218,748,586,923,142
323: 40,954,326,458,736,174
324: 650,53,104,36,389,547
325: 187,137,931,7,511,353
326: 323,40,174,260,382,301
327: 1131,1202,1354
328: 377,1302,563,335,522,1094
329: 154,112,66,6,100,192
330: 378,111,221,1256,285,140
331: 594,169,627,120,240,79
332: 1395,990,739,199,309,1327
333: 52,1077,304,1346,85,39
334: 1130,347,357,150,1035
335: 1302,563,328,521,803,755
336: 614,385,635,773,549,272
337: 190,501,56,160,78
338: 24,55,9,404,1064,5
339: 852,341,826,733,562,433
340: 735,42,317,46,885,64
341: 339,852,668,312,251,733
342: 387,578,454,487,550,495
343: 1337,825,1068,941,908,1014
344: 91,48,435,363,93,362
345: 169,375,427,31,721,182
346: 141,167,58,570,40,260
347: 676,1130,334,758,357,1170
348: 609,593,509,916,193,262
349: 109,931,1013,7,244,1000
350: 136,366,148,804,374,208
351: 1195,462,135,1056,731,355
352: 403,453,405,496,636,231
353: 629,511,399,408,137,325
354: 220,212,317,28,384,259
355: 140,1056,1316,462,351,378
356: 623,19,833,149,60
357: 334,347,758,281,1175,1035
358: 41,365,423,108,45,21
359: 539,865,1024,92,1268,674
360: 908,969,1014,1248,1052,1348
361: 1028,558,581,486,799,884
362: 166,93,253,344,308,91
363: 13,621,515,435,344,93
364: 1293,1336,1123,1168,1182
365: 358,423,108,300,594,427
366: 350,148,128,688,208,251
367: 877,625,1177,724,1180,1122
368: 1172,920,873,1091,896,1337,320
369: 210,1306,1366,919,872,540
370: 1101,315,1309,602,975,1090
371: 32,63,88,5,94,55
372: 528,452,224,211,290,90
373: 1070,1368,901,523,1097,636
374: 208,561,350,804,718,196
375: 345,169,627,556,182,451
376: 1053,1079,549,1154,760,1269
377: 328,522,508,1094,839,493
378: 330,1256,1316,199,140,355
379: 1338,1329,1341,1096,1002
380: 654,311,229,18,1058,114
381: 8,912,624,76,981
382: 437,301,326,174,823,134
383: 742,921,892,680,723
384: 28,123,434,274,212,354
385: 168,209,635,336,197,272
386: 727,874,1028,1270,1191,1295
387: 342,399,454,495,629,432
388: 854,24,55,100,261,88
389: 36,530,324,41,21,547
390: 754,96,554,674,318,92
391: 1052,705,1374,1082,1248,313
392: 755,210,1306,1181,1113,802
393: 197,420,1144,272,1087,1379
394: 799,996,214,884,1307,720
395: 618,1317,1044,666,1261
396: 490,945,499,712,772,469
397: 430,178,132,401,520,277
398: 752,1326,254,424,1405,679
399: 273,387,454,408,629,353
400: 140,714,1056,980,285
401: 178,397,425,277,1206,1103
402: 184,64,246,42,266,65
403: 539,453,424,352,865,231
404: 9,338,1064,912,23,981
405: 1331,696,453,352,636,1070
406: 15,455,591,703,868
407: 1009,308,121,91,286
408: 122,468,273,399,353,137
409: 184,38,246,638,110,126
410: 10,547,113,171,41,45
411: 202,421,605,80,127,175
412: 935,1022,947,106,998,477
413: 872,697,580,1366
414: 494,1119,784,617,229,18
415: 548,770,1364,1317,1044,1262
416: 429,213,759,1012,1395,739
417: 612,228,1132,781,1095,439
418: 914,279,791,634,976,1040
419: 939,1163,1135,270,1221
420: 393,1087,584,1379,922,1040
421: 411,36,622,202,530,80
422: 1064,236,532,5,94,1019
423: 358,365,21,721,257,427
424: 539,403,398,752,231,679
425: 1080,235,277,642,1206,401
426: 535,499,792,1403,911,469
427: 345,594,169,721,365,423
428: 601,784,797,478,874,581
429: 859,1316,462,416,1395
430: 397,151,132,444,520,710
431: 200,215,437,301,521,563
432: 629,168,635,387,495,577
433: 535,805,562,1403,339,826
434: 28,543,123,384,225,146
435: 111,221,363,515,344,48
436: 528,452,144,801,255,201
437: 431,382,301,521,531,134
438: 646,1272,1304,632,289,483
439: 559,677,597,417,1132,1095
440: 150,633,269,1035,206,488
441: 1093,603,967,656,1072,103
442: 20,624,162,461,115,812
443: 672,844,996,1373,1007,1396
444: 620,520,214,1007,430,710
445: 506,789,218,1369
446: 20,76,274,297,123
448: 159,955,25,917,291,222
449: 258,153,124,641,471,514
450: 54,102,319,81,232,876
451: 709,633,269,556,627,375
452: 528,436,372,201,290,99
453: 403,352,865,687,696,405
454: 342,273,399,387,578,222
455: 15,288,406,1125,591
456: 1342,310,928,938,914,791
457: 221,285,714,762,121,48
458: 323,40,954,167,867,170
459: 479,851,808,607,1370,611
460: 243,500,954,736,613,484
461: 683,162,442,482,624
462: 859,1195,429,1316,351,355
463: 671,809,1209,512,815,1297
464: 1127,475,177,1099,643
465: 133,116,543,225,638,180
466: 741,267,810,830,172
467: 1005,889,1020,553,979,1178
468: 294,474,122,408,273,291
469: 772,1267,911,426,499,396
470: 1231,948,552,1236,1143
471: 490,726,641,449,131,514
472: 102,57,81,589,1300,34
473: 536,677,203,847,97,238
474: 125,294,139,122,468
475: 1127,464,134,823,1089
476: 1376,1180
477: 571,1063,106,1022,412,247
478: 311,229,784,428,581,486
479: 959,851,749,459,1370
480: 888,542,574,1071,907,1075
481: 533,826,914,279,310,805
482: 8,624,498,1312,461
483: 1081,1036,632,438,1304,732
484: 560,660,1310,460,736,613
485: 265,107,861,42,885,266
486: 361,581,478,1092,708,884
487: 750,695,550,1184,342,578
488: 206,1300,440,269,120,57
489: 497,899,1096,271,296,1338
490: 726,945,396,471,712,641
491: 255,37,648,1077,87,1346
492: 990,1327,564,888,524,575
493: 639,839,73,820,377,508
494: 1072,1119,414,568,617,994
495: 761,577,550,342,387,432
496: 737,230,1097,636,231,352
497: 489,899,271,626,507,1372
498: 236,1019,105,1312,482,8
499: 426,535,712,217,469,396
500: 243,526,518,460,170,954
501: 190,814,71,337,836,56
502: 985,1140,1061,1185,1397
503: 536,74,127,97,175,263
504: 943,1030,583,600,592,746
505: 543,146,256,1073,1043,1394
506: 445,740,1369,690,994,568
507: 230,1097,1372,523,497,899
508: 377,522,493,820,306,163
509: 694,593,348,556,916,709
510: 1074,1390,1311,997,893
511: 629,168,209,353,187,325
512: 1213,1241,809,463,815,1039
513: 158,239,306,1111,902,194
514: 131,526,518,153,449,471
515: 363,621,1221,205,435,111
516: 298,1078,1326,254,821,292
517: 869,672,710,600,592,151
518: 526,500,514,170,165,153
519: 1080,85,52,936,692,642
520: 620,444,30,277,430,397
521: 437,431,563,335,531,803
522: 377,1302,328,508,163,1199
523: 373,1368,507,1097,855
524: 645,1075,888,492,575,1149
525: 681,775,808,948,1287,1236
526: 243,538,131,500,514,518
527: 1230,1330,863,1406
528: 452,436,144,198,372,224
529: 1285,1407,1120,684,1183,678
530: 257,36,202,389,421,21
531: 1127,134,1264,437,521,803
532: 236,94,422,232,22,138
533: 703,852,868,826,481,279
534: 1244,1267,1228,962,848,961
535: 426,562,499,433,1403,217
536: 559,473,677,74,503,97
537: 940,191,965,770,715,942
538: 243,131,526,661,669,1051
539: 403,359,424,865,92,752
540: 685,886,369,919,872
541: 213,681,775,951,759
542: 743,574,480,619,1008,1071
543: 225,434,146,505,133,465
544: 234,119,746,156,1322
545: 963,693,1325,631,1258,788
546: 827,686,857,1211,816,1349
547: 410,113,389,53,324,41
548: 415,770,790,1262,965
549: 773,376,1053,614,760,336
550: 1120,750,487,342,495,761
551: 943,869,592,1305,1284,934
552: 1231,745,470,828,1143,1104
553: 305,667,1020,295,979,467
554: 754,96,314,390,98,247
555: 1282,732,1245,173,632,785
556: 694,509,182,709,451,375
557: 241,124,702,608,67,35
558: 361,727,1028,926,977,799
559: 536,677,439,74,819,597
560: 823,484,1089,1310,736,174
561: 374,208,312,608,67,718
562: 535,433,339,733,217,702
563: 328,335,1094,215,431,521
564: 888,1218,574,1012,492,1327
565: 699,605,788,127,74,819
566: 53,104,1009,12,793
567: 753,1031,1358,643,177
568: 1072,494,506,740,1093,994
569: 1088,616,763,875,610,194
570: 68,58,1065,346,200,260
571: 107,1063,477,1152,98,247
572: 662,655,582,1047,707,1240
573: 95,47,256,179,293,268
574: 564,888,1218,542,743,480
575: 939,1149,1135,524,492,990
576: 786,1021,977,1177,724
577: 614,495,769,761,432,635
578: 342,222,454,159,487,1184
579: 1187,820,239,704,1186
580: 413,697,717,1010,1366,753
581: 361,874,1028,486,428,478
582: 662,1412,572,1047,711,973
583: 504,1030,746,1268,1024,1225
584: 773,1053,862,1379,420,722,922
585: 657,1385,792,1029,933
586: 1146,798,923,969,748,322
587: 1049,738,1124,1141,700
588: 685,849,1011
589: 164,1300,1409,34,472,16
590: 1142,1133,905,1368,915,879
591: 1144,1087,455,406,1125
592: 869,517,600,504,943,551
593: 609,694,509,348,847,238
594: 169,331,427,365,300,240
595: 1288,1217,952
596: 871,1339,1197,1226,1381
597: 559,439,819,631,1132,1050
598: 1378,1039,1345,1270,815,1356
599: 770,185,1402,715,1364
600: 517,592,151,1322,746,504
601: 988,1191,719,428,797,874
602: 1278,1309,370,882,315
603: 1281,441,967,1209,856,656
604: 950,918,964,1328,857
605: 699,565,606,80,127,411
606: 699,605,1025,130,80,731
607: 213,775,808,459,611,859
608: 67,561,718,216,557,35
609: 593,348,847,1045,262
610: 569,875,194,1243,1242,69
611: 859,1195,459,607,248
612: 417,1282,858,155,228,781
613: 669,757,243,460,660,484
614: 760,769,577,336,635,549
615: 690,252,249,1369,161,303
616: 1088,569,194,810,902
617: 983,774,994,494,414,18
618: 1160,395,1261,305,1020
619: 1008,1275,1387,1162,1071,542
620: 444,242,30,520,214,720
621: 270,363,13,515,1221,1224
622: 36,421,130,80,223,650
623: 83,356,106,19,998,833
624: 442,482,20,381,8,461
625: 367,877,701,842,724
626: 497,271,267,810,1372,1088
627: 169,331,375,120,451,269
628: 805,792,1403,657
629: 168,511,432,353,399,387
630: 671,1156,856,1108,1158,906
631: 1050,1258,545,819,597,788
632: 173,289,438,555,732,483
633: 440,1175,709,451,269,1035
634: 791,418,1040,1192,1066,922
635: 385,168,432,614,577,336
636: 496,1097,352,405,1070,373
637: 1208,1167,864,860,831,1128
638: 38,409,225,465,126,180
639: 839,493,126,73,180,903
640: 692,242,708,936,654,1092
641: 712,241,124,449,490,471
642: 692,30,277,425,519,1080
643: 567,1031,1099,464,177,647
644: 653,1139,1214,299,1352,1277
645: 1172,524,1075,920,1068,1149
646: 1332,1272,953,438,1304
647: 734,870,1099,1031,643
648: 207,37,491,129,282,87
649: 154,66,290,99,71,56
650: 104,850,324,223,36,622
651: 235,26,39,144,198
652: 667,295,716,155,1212,781
653: 1121,644,1214
654: 936,311,380,1092,1058,640
655: 662,1296,572,728,707
656: 1209,441,603,103,1297,719
657: 585,1342,310,1385,805,628,792
658: 925,1203
659: 1200,1192,1255,1226,1246,932
660: 1141,484,1310,757,613
661: 726,764,538,131,860,1051
662: 800,1296,1412,655,582,572
663: 993,1232,958,69,1406,1033
664: 678,760,769,1154,898,1183
665: 1194,1285,1344,1407,1016
666: 395,1044,1261,1098,1134,1283
667: 305,652,295,553,978,716
668: 703,852,341,15,688,251
669: 757,891,613,1051,243,538
670: 1069,1100,1259,778
671: 630,809,1209,1156,856,463
672: 869,443,517,710,844,1007
673: 957,795,1106,1320,1116,1105
674: 119,1268,754,390,359,92
675: 83,998,198,224,26,935
676: 1130,347,917,1170,227,25
677: 559,473,536,439,203,1095
678: 664,769,761,529,1120,1183
679: 737,231,398,424,172,1405
680: 723,1001,1136,706,742,383
681: 525,541,775,951,1139,1287
682: 158,1243,824,1242,163,1199
683: 59,725,162,195,461
684: 1120,750,1229,1109,1285,529
685: 588,886,1011,540,872,1201
686: 827,546,816,1004,695,1184
687: 829,696,1225,453,865,1024
688: 15,288,366,128,668,251
689: 1081,1258,953,1304,959,1325
690: 983,252,994,615,506,1369
691: 943,1030,783,728,1284,1365
692: 242,30,640,642,936,519
693: 135,963,1370,545,248,1325
694: 593,509,556,176,182,238
695: 750,487,1229,1184,827,686
696: 687,1331,829,1240,405,453
697: 1380,413,580,753,1358
698: 1252,1227,1323
699: 605,1025,565,606,788,963
700: 1293,1168,1210,1049,587
701: 1276,625,842,1396,1373
702: 217,241,557,67,733,562
703: 852,668,533,868,15,406
704: 1187,579,1186,1060,1027,447
705: 391,972,1052,1153,1374,845
706: 680,1098,1001,742,1160,1261
707: 829,1240,783,728,655,572
708: 242,640,1092,486,884,720
709: 1175,451,633,509,556,916
710: 517,672,444,1007,430,151
711: 895,1062,1234,973,1048,1412,582
712: 217,241,641,499,490,396
713: 941,798,923,811,1163,1135
714: 400,457,285,762,850
715: 599,770,185,227,940,537
716: 921,1215,155,652,667,978
717: 1127,177,1264,1010,753,580
718: 196,183,216,374,608,561
719: 988,601,1297,656,103,797
720: 214,884,394,620,242,708
721: 31,237,257,345,427,423
722: 1192,1255,922,584,862
723: 680,1136,1222,1038,383
724: 576,977,1177,926,367,625
725: 683,195,82,1312,280,1266
726: 490,661,945,764,471,131
727: 1028,558,386,1021,977,1295
728: 691,783,1365,707,655
729: 987,1145,1002
730: 1232,1054,763,875,296,1059
731: 1056,980,351,1025,130,606
732: 1282,555,228,632,1036,483
733: 312,67,339,341,562,702
734: 910,647,1280,1031,1188
735: 46,768,340,885,60
736: 323,954,174,460,560,484
737: 496,230,231,679,267,172
738: 870,1049,587,1141,1375,1099
739: 1395,332,1327,1012,416
740: 506,218,1359,1093,866,568
741: 830,466,902,101,1111
742: 383,921,680,706,1160,978
743: 1218,542,574,1008,951
744: 771,777,245,817,961,1208
745: 1231,1340,552,1263,828,1179
746: 544,1268,1322,600,504,583
747: 1293,1210,1249,966,807
748: 218,322,1359,1146,586,1350
749: 479,959,1143,851,1104,953
750: 1120,684,695,487,550,1229
751: 1388,785,1353,1313,1245
752: 318,398,1326,539,424,92
753: 567,1358,177,717,697,580
754: 314,390,554,234,119,674
755: 803,392,1181,1113,1302,335
756: 1377,1308,1223
757: 669,891,613,1124,660
758: 347,357,1170,219,189,281
759: 213,541,1218,1012,416
760: 614,664,769,1154,376,549
761: 678,495,769,577,1120,550
762: 850,714,457,1009,121
763: 1088,569,875,271,296,730
764: 1190,661,726,945,1167,860
765: 145,183,70,179,115,95
766: 207,37,43,836,181
767: 1077,304,114,87,275,774
768: 735,29,46,278,86,60
769: 614,664,678,760,761,577
770: 415,548,599,715,965,537
771: 777,848,1102,744,961,1220
772: 1244,1267,469,1190,945,396
773: 584,1053,549,1379,336,272
774: 275,983,617,767,114,18
775: 213,681,525,541,808,607
776: 1076,879,915
777: 771,817,1102,744,1253,1006
778: 1259,1029,1216,1137,1100,670
779: 1339,1197,1216,1137,928,938
780: 278,192,86,27,854,84
781: 843,1095,417,612,155,652
782: 1085,894,1134,1283,930
783: 1030,691,728,707,829,1225
784: 1119,414,797,428,478,229
785: 173,995,982,1388,751,555,1245
786: 576,1177,887,1171,1273,1376
787: 1171,1324
788: 699,565,631,963,545,819
789: 218,445,322,1369,249,1224,142
790: 1112,837,1367,1262,1219,548
791: 914,634,418,1066,456,938
792: 426,628,585,657,911,933
793: 190,814,566,1009,286,12
794: 904,16,1205,280,264
795: 957,673,1106,880,1233,1276
796: 891,1124,970,1123,1168
797: 103,1119,784,601,719,428
798: 941,908,586,923,969,713
799: 884,394,1307,361,558,926
800: 975,662,1296,1412,1155,1164
801: 436,144,255,1346,39
802: 1018,1279,824,210,392,1113
803: 755,1181,521,335,531,1264
804: 59,195,350,136,374,196
805: 628,433,1403,826,481,310,657
806: 1154,898,1057,1269,1389
807: 747,1249
808: 525,775,607,1236,851,459
809: 671,1156,463,1265,512
810: 267,466,1088,616,626
811: 1149,1135,1068,941,713
812: 95,297,47,442,20,115
813: 1259,968,1384,1271,962,1107
814: 190,501,793,836,286
815: 1356,463,512,1039,598
816: 686,546,942,1349,191,1004
817: 777,744,1208,864,1253,1161
818: 971,1392,896,1251
819: 559,74,597,631,565,788
820: 239,579,1186,306,493,73,508
821: 1027,292,302,516,1078,1060
822: 946,1358,1380,925,1203,1217
823: 560,1089,174,382,475,134
824: 682,1199,1113,1018,802
825: 1337,1411,1382,320,343
826: 339,852,533,481,805,433
827: 686,546,857,1328,695,1229
828: 1263,974,745,552,1332,1104
829: 687,707,1240,696,1225,783
830: 741,466,172,101,1405,1078
831: 637,860,1128,970,1371
832: 849,886,1238,958,1330
833: 623,356,106,265,1063
834: 1188,1319,1404
835: 929,1269,1389
836: 501,814,71,181,286,766
837: 1112,790,965,942,1349
838: 1253,1006
839: 639,493,903,377,1094
840: 944,1142,1133,1318,855,1159
841: 1074,991,1038,1353,892
842: 625,701,926,1373,1307
843: 1212,781,203,1095
844: 869,443,672,1396,957,1305,880
845: 1227,1158,906,705,1153,1398,1374
846: 136,204,148,904,72,82
847: 609,593,203,473,238
848: 771,961,962,534,1220,1107
849: 588,832,886
850: 650,762,104,714,223
851: 1236,479,1143,749,459,808
852: 339,703,668,533,341,826
853: 1112,1291,1204,1211,1349
854: 24,388,84,100,192,780
855: 840,1142,523,899,1159
856: 671,630,1209,1398,906,1281,603
857: 827,546,1211,964,604,1328
858: 612,1282,155,1245,1313,1215
859: 611,429,462,213,607
860: 637,1167,831,661,764,1051
861: 485,107,1152,266,302
862: 584,1053,1079,722,1255,1321
863: 993,1054,1239,1230,527,1023
864: 1208,637,1128,817,1086,1161
865: 539,403,359,453,1024,687
866: 1198,1093,1350,967,740,1359
867: 316,167,165,233,170,458
868: 703,533,406,279,976
869: 517,672,844,592,1305,551
870: 910,1049,647,738,1099
871: 1339,596,1360
872: 413,1201,369,685,540
873: 960,1091,896,368
874: 1028,581,386,1191,601,428
875: 569,763,610,730,1232,69
876: 49,138,1408,450,81,232
877: 1233,367,1276,625,1355,1122
878: 1340,1179
879: 776,1076,915,590,1235,1133
880: 957,795,1276,1396,844
881: 1176,1086,1182,1128,970,1123
882: 315,1157,1116,909,602
883: 1189,995,1032,985,1260,1140
884: 799,394,720,361,486,708
885: 735,42,340,265,485
886: 685,849,832,540,919,1238
887: 786,1021,1295,1171,1345,1324
888: 564,574,480,524,1075,492
889: 1005,219,467,189,262,979
890: 1174,1246,932
891: 669,757,796,1371,1051,970
892: 383,1353,1313,921,1215,841
893: 1222,1038,510,1074
894: 1085,1219,1034,782,1134
895: 1062,711,1048
896: 818,873,368,1251,320
897: 197,1144,209,187,307,1125
898: 1154,1183,1292,806,664
899: 497,489,1159,507,855
900: 1334,1220,1102,1042
901: 905,1070,1173,373,1368
902: 741,1111,513,616,194
903: 116,68,639,839,180,215
904: 72,794,1205,280,846,82
905: 1173,901,1234,915,973,590
906: 1158,845,1398,630,856
907: 1075,920,1247,1071,1091,480
908: 941,798,969,360,1014,343
909: 1105,1116,882,1278
910: 1210,734,870,1249,1049
911: 1267,1228,469,933,426,792
912: 381,8,1064,1019,404,981
913: 23,33,274,212,981,76
914: 279,791,418,481,456,310
915: 1234,905,590,776,879
916: 509,348,193,281,1175,709
917: 676,1130,448,25,291,294
918: 1118,950,604,1351
919: 1279,1238,210,369,886,540
920: 1172,645,907,1075,368,1091
921: 742,383,892,1215,716,978
922: 722,584,420,634,1040
923: 798,586,713,1163,142,322
924: 1213,1037
925: 658,1404,1280,946,822
926: 558,977,724,799,1307,842
927: 1150,930
928: 456,1342,1137,938,779
929: 835,1079,1393,1321
930: 927,1085,782,1283
931: 187,325,109,349,7,307
932: 890,1246,1393,659,1255,1321
933: 1228,911,585,792,1384
934: 1284,1157,1305,1320,551
935: 250,947,412,26,675,998
936: 654,52,1058,519,692,640
937: 1082,1026
938: 456,928,1066,791,1197,779
939: 575,419,990,309,205,1221
940: 227,191,955,25,537,715
941: 908,798,713,343,1068,811
942: 816,1349,837,965,191,537
943: 504,1030,691,551,592,1284
944: 840,1235,1133,1318,1145,1294
945: 1190,490,726,764,396,772
946: 1280,1031,1358,822,925
947: 1206,250,188,935,1022,1103,412
948: 470,1287,1236,525
949: 1311,1046,997
950: 918,604,1328,1194,1109,1351
951: 681,541,1277,743
952: 595,1217,1165,1201,1011
953: 646,1304,959,1104,749,689
954: 323,458,736,500,460,170
955: 940,159,191,448,1004,25
956: 206,89,1409,125,139
957: 795,673,1305,1320,880,844
958: 663,1406,1033,1238,832
959: 479,749,953,689,1325
960: 1286,284,1247,873,1091
961: 771,245,848,744,534,1244
962: 813,1384,534,1228,1107,848
963: 135,545,693,699,1025,788
964: 1308,604,1204,857,1211
965: 837,548,770,942,537
966: 747,1293,1336
967: 1281,1198,1093,441,603,866
968: 813,1259,1110,1117,1107
969: 908,1146,798,586,360,1348
970: 831,1128,796,891,1371,881,1123
971: 818,1392,1251,1250
972: 1052,705,1348,1153,1198
973: 711,1234,1047,582,905,1173
974: 1061,1263,828,1397,1332,1272
975: 800,1296,1101,370,1155,1090
976: 279,418,1040,1087,868
977: 576,1021,724,727,558,926
978: 305,667,742,921,716,1160
979: 295,553,1045,467,889,262
980: 400,223,1056,731,130
981: 23,913,404,381,912,76
982: 1274,991,1388,1189,995,785
983: 275,690,252,617,774,994
984: 1272,1140,1397,1032,289
985: 502,1260,1140,883
986: 1057,1292
987: 729,1145,1294,1067
988: 1191,601,1297,719,1356
989: 1098,1041,1001,1150,1283
990: 492,332,309,1327,575,939
991: 841,1074,1390,982,1388,1353
992: 1230,1330
993: 863,1232,1054,663,1406
994: 690,983,617,506,494,568
995: 883,173,1189,1032,785,982
996: 214,394,1373,1307,1007,443
997: 949,1311,1046,1274,510,1390
998: 83,623,106,675,935,412
999: 1084,1377,1386,1291
1000: 72,244,109,349,1055,204
1001: 680,1098,1041,1136,706,989
1002: 729,1145,1096,1318,379
1003: 1114,1176,1086,1161
1004: 159,191,955,686,816,1184
1005: 219,467,889,1402,1178
1006: 838,1253,777,1102,1042
1007: 996,214,444,443,672,710
1008: 619,1352,1277,542,743
1009: 121,407,762,566,793
1010: 1306,1181,1366,717,1264,580
1011: 588,685,1201,952
1012: 564,1218,759,416,739,1327
1013: 349,7,152,89,244,1129
1014: 908,360,1411,343
1015: 1222,1138,1151
1016: 1292,665,1407
1017: 1410,1237,1084,1386
1018: 1279,802,1033,1243,824
1019: 1064,236,422,498,8,912
1020: 305,553,618,1317,1178,467
1021: 576,977,1295,887,727
1022: 188,947,412,477,247
1023: 1315,863,1239,1230
1024: 359,865,1268,583,687,1225
1025: 699,606,135,963,731
1026: 937,1082,1298,1250
1027: 821,447,65,302,704,1060
1028: 361,727,874,558,581,386
1029: 1271,778,585,1137,1385
1030: 504,943,691,583,783,1225
1031: 1280,567,946,1358,643,734,647
1032: 883,173,995,289,1140,984
1033: 1018,1279,1238,663,958
1034: 1085,894,1410,1237
1035: 440,1175,150,633,334,357
1036: 1081,1132,1050,483,228,732
1037: 1378,1039,1324,1213,924
1038: 1222,893,841,1074,723
1039: 1378,1037,598,1213,512,815
1040: 634,976,418,420,1087,922
1041: 1001,1136,989,1138,1150,1363
1042: 900,1102,1006
1043: 141,268,256,505,58,1394
1044: 395,1317,666,1134,1262,415
1045: 1212,295,979,262,609
1046: 949,997,1260,1274,1189
1047: 1331,1240,582,572,1173,973
1048: 1412,1164,895,711
1049: 1210,910,870,587,738,700
1050: 1081,631,1132,1036,1258,597
1051: 669,891,1371,661,538,860
1052: 391,972,705,1348,1248,360
1053: 773,584,376,862,1079,549
1054: 863,730,993,1232,1059,1239
1055: 288,109,1000,204,128
1056: 140,400,980,731,355,351
1057: 1292,806,986,1207,1389
1058: 52,304,114,936,654,380
1059: 1338,1341,296,730,1054
1060: 1187,704,1027,821,1078,101
1061: 1335,1185,1263,1397,974,502
1062: 895,711,1234
1063: 265,571,107,477,106,833
1064: 5,422,1019,404,338,912
1065: 133,116,68,58,570,1394
1066: 1200,1192,791,634,938
1067: 1290,987,1294
1068: 1337,343,1172,645,811,941
1069: 670,1383
1070: 1173,373,901,1331,405,636
1071: 1247,1162,619,542,480,907
1072: 494,103,1119,568,1093,441
1073: 297,47,256,146,505
1074: 510,841,991,1390,893,1038
1075: 645,907,524,920,888,480
1076: 776,879,1235
1077: 333,304,767,87,1346,491
1078: 516,254,821,1060,830,101
1079: 376,1053,862,929,1269,1321
1080: 425,519,235,85,642
1081: 1036,1050,689,1258,483,1304
1082: 937,1026,1298,1248,313,391
1083: 1196,1169,1122,1180
1084: 999,1386,1017
1085: 894,1034,782,930
1086: 1003,1176,881,1161,864,1128
1087: 420,1144,393,591,976,1040
1088: 616,569,763,810,271,626
1089: 560,1375,823,1310,475
1090: 1155,370,1309,975
1091: 960,1247,873,907,368,920
1092: 654,311,486,640,708
1093: 441,967,866,740,1072,568
1094: 377,563,328,839,215
1095: 843,781,203,417,677,439
1096: 489,1159,1318,379,1338,1002
1097: 507,496,230,636,373,523
1098: 1001,706,989,1283,666,1261
1099: 1375,464,870,647,738,643
1100: 1360,670,1383,1216,778
1101: 370,1193,315,975,1296
1102: 771,777,900,1220,1042,1006
1103: 1206,188,947,178,147,401
1104: 1143,749,828,552,1332,953
1105: 1131,909,673,1106,1116
1106: 795,673,1233,1202,1131,1105
1107: 1334,1220,813,968,962,848
1108: 1158,1323,1347,1399,630,1156
1109: 1194,1285,950,1328,684,1229
1110: 968,1117
1111: 1187,239,741,902,101,513
1112: 853,1291,837,790,1367
1113: 755,392,1302,824,1199,802
1114: 1003,1176
1115: 1286,1162,1357,1343,1361,1387
1116: 673,1320,1105,909,882,1157
1117: 1334,968,1110
1118: 1308,918,1223,1301
1119: 1072,494,103,414,784,797
1120: 684,750,550,529,678,761
1121: 653,1139,1287
1122: 1083,1169,1355,1180,367,877
1123: 364,1168,970,796,881,1182
1124: 757,796,1168,587
1125: 455,307,897,1144,591
1126: 1303,1399,1252
1127: 464,475,531,177,717,1264
1128: 637,864,831,970,1086,881
1129: 244,16,1205,164,89,1013
1130: 676,334,347,917,294
1131: 327,1105,1202,1106
1132: 1036,1050,417,228,439,597
1133: 590,944,840,1142,1235,879
1134: 1219,894,782,1044,666,1262
1135: 575,811,1163,419,1149,713
1136: 680,723,1041,1001,1222,1138
1137: 928,1385,1216,779,1029,778
1138: 1015,1222,1151,1363,1041,1136
1139: 1121,644,1287,1277,681
1140: 502,985,1397,883,1032,984
1141: 1375,660,1310,587,738
1142: 590,840,1133,855,1368
1143: 1236,851,1104,749,470,552
1144: 897,197,393,1087,591,1125
1145: 729,987,1294,1002,944,1318
1146: 586,969,1348,748,1350
1147: 1314,299,1361
1148: 1265,1413,1289,1347
1149: 575,811,1135,645,524
1150: 927,1362,1363,1041,989
1151: 1015,1138,1363
1152: 571,107,861,98,1254
1153: 972,705,1398,845,1281,1198
1154: 898,806,664,760,1269,376
1155: 1090,1164,800,975
1156: 671,630,809,1108,1347,1265
1157: 882,1193,315,934,1320,1116
1158: 1108,1227,1323,845,906,630
1159: 899,1096,840,1318,855
1160: 618,1261,706,742,305,978
1161: 1003,1086,817,864,1253
1162: 1286,1247,1115,1071,619,1387
1163: 419,1135,923,713,270,142
1164: 1155,800,1048
1165: 1380,1201,1217,952
1166: 1315,1257
1167: 1208,637,860,1190,764,245
1168: 364,700,1123,796,1124
1169: 1196,1083,1355,1202,1354,1122
1170: 676,347,758,185,219,227
1171: 1324,787,786,887,1273
1172: 645,368,920,1337,1068
1173: 905,1070,901,1047,1331,973
1174: 890,1393
1175: 709,633,1035,281,916,357
1176: 1114,1003,1086,881,1182
1177: 576,786,724,1376,1180,367
1178: 1402,1364,1317,1020,1005,467
1179: 1335,1263,878,745,1340
1180: 476,1376,1177,367,1083,1122
1181: 803,755,1010,1306,392,1264
1182: 1176,881,364,1336,1123
1183: 898,529,1407,664,678
1184: 695,487,686,159,1004,578
1185: 1061,1335,502
1186: 820,579,704,110,447,73
1187: 239,579,704,1111,1060,101
1188: 834,734,1249,1319
1189: 883,995,1046,1260,1274,982
1190: 945,764,772,1244,245,1167
1191: 1270,988,601,1356,874,386
1192: 659,1200,722,1066,1255,634
1193: 1284,1101,315,1157,1365
1194: 665,1109,1285,1344,1351,950
1195: 611,462,351,135,248
1196: 1333,1083,1169,1354
1197: 1339,596,779,1200,938
1198: 1281,1350,967,866,972,1153
1199: 824,682,163,1302,522,1113
1200: 659,1192,1066,1226,1197
1201: 872,1165,685,1011,952
1202: 1169,1355,1233,1106,1131,327
1203: 1288,1217,822,658
1204: 1377,853,1308,964,1211
1205: 904,72,244,794,16,1129
1206: 250,1103,947,425,235,401
1207: 1389,1057
1208: 637,1167,864,245,817,744
1209: 671,856,463,656,603,1297
1210: 910,1249,1049,747,1293,700
1211: 546,857,1349,1204,853,964
1212: 843,1045,652,295
1213: 1241,512,924,1037,1039
1214: 653,644,299
1215: 1313,921,892,716,858,155
1216: 1339,779,1137,1100,778
1217: 595,1203,1288,952,822,1380,1165
1218: 564,743,574,1012,759
1219: 894,1134,790,1367,1262
1220: 1334,900,1107,771,848,1102
1221: 270,621,515,939,419,205
1222: 1015,893,1038,1138,723,1136
1223: 1118,756,1301,1299
1224: 270,13,621,249,142,789
1225: 687,829,1030,583,783,1024
1226: 659,1200,1246,1381,596
1227: 698,1158,1323,845,1374
1228: 534,1267,911,933,1384,962
1229: 684,750,695,1328,827,1109
1230: 992,527,863,1023
1231: 745,1340,470,552
1232: 730,993,1054,663,69,875
1233: 1276,877,1355,1202,795,1106
1234: 1062,711,915,973,905
1235: 944,1133,1076,879,1290
1236: 1143,851,948,470,525,808
1237: 1017,1034,1386,1401
1238: 1279,1033,919,958,832,886
1239: 1329,1341,863,1054,1023,1315
1240: 1047,1331,707,829,696,572
1241: 1213,1265,512,1413
1242: 158,1243,682,610,194
1243: 1242,682,610,1018,69
1244: 772,534,1267,1190,245,961
1245: 1282,858,555,751,785,1313
1246: 890,932,659,1226
1247: 960,1286,1162,1071,1091,907
1248: 1082,1298,1411,360,391,1052
1249: 1210,910,747,807,1188
1250: 1026,1298,971,1251,1382
1251: 320,818,971,896,1250
1252: 698,1323,1126
1253: 838,1006,777,817,1161
1254: 96,98,1152,292,298
1255: 659,722,1192,1321,862,932
1256: 378,205,330,111,199,309
1257: 1166,1315,1329
1258: 1081,631,1050,689,545,1325
1259: 813,968,1271,778,670
1260: 985,1046,883,1189
1261: 618,1160,395,666,1098,706
1262: 790,1219,1134,1044,415,548
1263: 1061,1335,828,974,1179,745
1264: 1127,531,717,803,1010,1181
1265: 1148,1241,1347,809,1156
1266: 49,280,105,725,1312
1267: 772,534,1244,1228,911,469
1268: 119,746,674,583,359,1024
1269: 835,1389,1154,806,376,1079
1270: 1191,1356,598,1345,386,1295
1271: 813,1259,1029,1384
1272: 646,1332,984,438,974,289
1273: 1376,1171,786
1274: 1390,982,1046,997,1189
1275: 299,619,1352,1387
1276: 1233,877,701,1396,795,880
1277: 1008,1352,1139,644,951
1278: 602,909
1279: 1018,802,1033,919,1238,210
1280: 946,1031,734,1319,925
1281: 1198,603,967,1153,1398,856
1282: 612,858,555,228,732,1245
1283: 782,930,1098,989,666
1284: 1193,934,1365,943,691,551
1285: 1194,665,1109,529,1407,684
1286: 960,284,1247,1162,1115,1357
1287: 1121,1139,948,681,525
1288: 595,1203,1217
1289: 1400,1148
1290: 1067,1235,1294
1291: 853,1112,1367,1401,999,1377,1386
1292: 898,1016,1057,986
1293: 364,747,700,1210,966
1294: 987,1145,944,1290,1067
1295: 1021,887,1270,1345,727,386
1296: 800,975,662,655,1101
1297: 988,719,1209,463,656
1298: 1082,1026,1248,1250,1411,1382
1299: 1301,1223
1300: 206,589,488,1409,57,472
1301: 1299,1118,1223
1302: 328,335,522,1199,755,1113
1303: 1126,1347,1399
1304: 646,953,438,1081,689,483
1305: 957,1320,869,844,551,934
1306: 1010,210,369,392,1181,1366
1307: 799,996,394,1373,926,842
1308: 1118,964,756,1204
1309: 602,370,1090
1310: 1141,560,1375,660,484,1089
1311: 949,997,510
1312: 725,105,1266,498,482
1313: 1353,892,1215,751,858,1245
1314: 1147,1361
1315: 1166,1023,1257,1329,1239
1316: 429,462,1395,199,355,378
1317: 395,1044,1020,415,1178,1364
1318: 944,840,1096,1159,1145,1002
1319: 1404,1280,834,1188
1320: 957,673,1305,1116,1157,934
1321: 1255,929,862,1079,932,1393
1322: 151,132,156,600,746,544
1323: 698,1252,1108,1227,1158,1399
1324: 1171,1378,1037,787,887
1325: 1370,545,693,959,689,1258
1326: 516,318,298,398,752,254
1327: 492,990,739,332,564,1012
1328: 950,604,827,857,1109,1229
1329: 379,1239,1341,1315,1257
1330: 992,527,832
1331: 1047,1240,696,405,1070,1173
1332: 646,1272,828,974,1104
1333: 1196,1354
1334: 900,1220,1117,1107
1335: 1061,1185,1263,1179
1336: 364,1182,966
1337: 320,825,343,1068,1172,368
1338: 379,1059,1341,489,1096,296
1339: 871,1197,596,1216,779
1340: 878,1231,745,1179
1341: 379,1338,1329,1059,1239
1342: 456,310,928,657,1385
1343: 1115,1357
1344: 1194,665,1351
1345: 1378,598,1270,1295,887
1346: 333,1077,255,491,801,39
1347: 1303,1399,1108,1156,1148,1265
1348: 972,1052,1146,969,360
1349: 546,942,1211,816,853,837
1350: 1198,866,1146,748,1359
1351: 1194,1344,950,918
1352: 299,1008,1275,1277,644
1353: 1313,892,841,991,1388,751
1354: 1196,1333,1169,327
1355: 1169,1202,1122,1233,877
1356: 1270,988,1191,815,598
1357: 1286,284,1115,1343
1358: 567,753,946,1031,822,697
1359: 218,748,740,1350,866
1360: 1100,1391,1383,871
1361: 1387,1314,1147,1115
1362: 1150,1363
1363: 1150,1362,1151,1138,1041
1364: 415,599,1402,1178,1317
1365: 1284,1193,691,728
1366: 1010,369,1306,413,580
1367: 1112,1291,790,1401,1219
1368: 373,901,523,590,1142
1369: 506,789,445,249,690,615
1370: 693,248,1325,479,459
1371: 891,1051,831,970
1372: 507,230,267,497,626
1373: 996,1307,701,842,1396,443
1374: 391,705,313,1227,845
1375: 1141,1089,1310,1099,738
1376: 476,1273,1180,786,1177
1377: 999,756,1204,1291
1378: 1037,1039,598,1345,1324
1379: 773,584,420,393,272
1380: 1165,697,822,1217
1381: 1226,596
1382: 1411,825,1298,1250
1383: 1069,1100,1391,1360
1384: 813,1271,962,1228,933
1385: 585,1342,1137,657,1029
1386: 999,1084,1017,1237,1291,1401
1387: 619,1361,1275,1162,1115
1388: 991,982,751,785,1353
1389: 835,1207,1269,1057,806
1390: 1274,510,1074,991,997
1391: 1360,1383
1392: 818,971
1393: 1174,932,929,1321
1394: 133,58,1065,505,1043
1395: 739,199,332,429,1316,416
1396: 1276,701,1373,443,844,880
1397: 1061,974,502,1140,984
1398: 1153,845,906,1281,856
1399: 1303,1126,1347,1108,1323
1400: 1289
1401: 1291,1367,1237,1386
1402: 599,185,1178,1364,1005
1403: 426,535,805,628,433
1404: 1319,925,834
1405: 830,172,398,254,679
1406: 993,663,958,527
1407: 665,1285,529,1016,1183
1408: 49,264,876,81
1409: 206,589,956,164,1300
1410: 1017,1034
1411: 1382,825,1298,1248,1014
1412: 800,1048,662,582,711
1413: 1148,1241