0: 17,95,3,6
99: 42,65,98,44,79
2: 95,78,84,9,73,4
3: 54,95,9,107,0
4: 37,55,89,2,78,73
5: 76,23,8,54,9,73
6: 49,47,57,0
7: 53,16,26,120,78,84
8: 76,5,37,21,122,73
9: 54,2,95,73,3,5
10: 43,29,70,109
11: 18,60,89,68,117,38,39
12: 92,31,72,111,59,80
13: 20,105,82,119,110
14: 87,49,74,75,47
15: 30,100,115,94,39
16: 53,7,109,26,61,70
17: 77,41,66,0,49
18: 11,89,38,120
19: 94,61,93,28,104
20: 83,63,105,13
21: 82,58,67,119,76,8
22: 77,66,32,27,48,108
23: 76,5,110,54,69,40
24: 64,105
25: 30,115,91,62
26: 38,61,120,7,16
27: 40,121,22,77,107
28: 52,93,61,19,70
29: 43,10,45,109,86,85
30: 25,100,115,15,97
31: 92,12,79,33,103
32: 71,121,22,108,113
33: 58,103,67,59,31
34: 87,75
35: 68,65,98,100,97
36: 69,71,40,106,121
37: 55,4,122,73,8
38: 94,39,26,120,11,18
39: 38,94,100,15,68,11
40: 36,69,27,54,23,107
41: 17,66,49,75,112
42: 99,98
43: 116,29,10,45
44: 65,99,118,60,103
45: 116,43,29,85
46: 81,83,63
47: 14,49,85,6,57,86
48: 108,22,66
49: 14,75,47,6,17,41
52: 93,28
53: 7,109,57,16,86
54: 9,3,23,5,107,40
55: 118,60,37,4,89,122
56: 114,90,93,104,102
57: 53,86,84,47,6
58: 82,33,67,59,21,64
59: 33,58,12,80,64
60: 11,118,55,89,44,117
61: 26,19,28,70,16
62: 114,91,90,25,115
63: 20,83,88,46,81
64: 80,24,82,58,59
65: 35,99,98,44,117
66: 17,22,77,41,48
67: 33,58,21,122
68: 35,117,100,39,11
69: 36,40,106,23,88,110
70: 10,28,61,109,16
71: 36,32,106,121,123,113
72: 111,12,80
73: 2,9,37,4,8,5
74: 87,14,85
75: 87,14,49,41,34,112
76: 119,23,8,5,110,21
77: 17,22,66,107,27
78: 2,84,120,4,7
79: 92,31,99
80: 64,12,72,59
81: 46,88,63,106
82: 58,21,64,119,105,13
83: 20,63,46
84: 2,95,78,7,57
85: 74,47,29,45,86
86: 53,109,57,29,47,85
87: 14,74,75,34
88: 110,63,69,81
89: 11,18,60,55,4
90: 114,56,62,115,104
91: 62,25
92: 12,96,79,31
93: 52,28,104,56,19
94: 38,39,19,15,104
95: 2,84,9,3,0
96: 92,111
97: 30,100,35
98: 42,35,65,99
100: 30,15,97,35,68,39
101: 113,123
102: 56
103: 33,44,31,118
104: 93,56,90,94,19
105: 20,13,82,24
106: 36,69,71,81
107: 77,54,3,40,27
108: 48,22,32
109: 53,16,86,29,10,70
110: 119,76,23,88,13,69
111: 72,12,96
112: 75,41
113: 101,32,71
114: 56,62,90
115: 25,30,15,62,90
116: 43,45
117: 68,65,11,60
118: 60,55,44,103
119: 76,110,82,21,13
120: 38,26,18,7,78
121: 36,32,71,27
122: 67,37,55,8
123: 71,101