447: 704,1186,1704,1027,302,110
1: 118,6,78,261,186,337
90: 83,211,372,224,283,19
313: 698,1459,1227,705,1374,1812
241: 712,557,124,641,702,217
5: 1064,94,422,371,55,338
6: 1,78,100,261,66,329
7: 1443,349,1420,122,152,1013
8: 381,912,624,482,1019,498
9: 24,404,84,338,287,23
10: 337,160,410,113,171,118
64: 402,246,259,42,317,340
12: 160,113,53,566,190,1937
13: 363,621,249,1224,93,303
14: 258,165,153,77,233,61
15: 703,668,406,288,455,688
16: 264,1205,1129,589,164,34
17: 276,44,32,63,157,226
18: 229,414,617,774,114,380
19: 283,356,149,83,623,90
20: 812,297,442,1615,446
21: 257,530,389,358,41,423
22: 276,32,232,319,532,94
23: 33,913,9,404,287,981
24: 854,55,9,84,338,388
25: 227,940,676,448,955,917
26: 412,675,998,935,1913,1608
27: 278,283,192,149,780,112
28: 1770,384,225,434,354,38
29: 220,33,86,287,46,768
30: 692,642,242,277,520,620
31: 176,721,263,182,237,345
32: 17,276,22,371,63,94
33: 23,220,212,913,29,287
34: 589,472,81,264,16,1408
35: 557,124,608,216,258,77
36: 622,530,389,421,650,324
37: 255,207,201,648,766,491
38: 409,246,259,28,225
39: 144,651,85,333,1346,801
40: 323,326,458,260,346,167
41: 358,45,21,389,410,547
42: 885,340,485,402,64,266
43: 207,766,308,166,836,286
44: 17,276,143,108,226,300
45: 358,41,108,226,410,171
46: 735,317,768,340,220,29
47: 812,573,95,297,256,1073
48: 344,121,91,457,435,221
49: 794,138,1408,105,876,1266
52: 333,304,936,1058,85,519
53: 104,324,566,12,547,113
54: 102,79,319,450,240,143
55: 24,338,371,88,388,5
56: 66,649,501,1419,71,78
57: 102,79,488,120,1300,472
58: 346,141,1043,1394,570,1065
59: 196,145,162,804,683,195
60: 278,356,149,735,768
61: 77,233,14,70,179,293
99: 649,290,71,181,1583,452
63: 17,371,32,157,186,88
65: 266,302,184,402,1704
66: 154,329,649,56,6,78
67: 312,608,561,733,557,702
68: 116,570,1065,903,200,215
69: 1976,1415,663,1478,875,610
70: 765,183,216,179,77,61
71: 1419,1833,649,99,56
72: 904,244,1205,846,1436,204
73: 639,493,126,110,1186,820
74: 559,536,503,819,565,127
203: 847,1095,1955,473,677
76: 981,1615,381,446,274,913
77: 258,14,61,216,70,35
78: 1,6,337,501,66,56
79: 54,102,57,240,331,120
80: 605,1477,411,130,622,421
81: 102,450,34,472,1408,876
82: 725,195,280,1928,1436
83: 623,90,675,998,224,19
84: 854,24,86,9,287,780
85: 39,1080,651,52,333,519
86: 84,287,278,780,29,768
87: 1077,767,491,275,282,648
88: 261,186,388,371,63,55
89: 956,164,1409,139,152,1013
91: 344,308,121,407,48,362
92: 539,359,1787,674,1771,390
93: 253,303,362,363,13,344
94: 532,5,422,22,371,32
95: 812,573,47,115,765,179
96: 554,98,247,1771,390,1661
97: 176,263,473,536,503,238
98: 96,1893,1152,1254,1661
100: 6,261,388,329,854,192
101: 741,830,1078,1111,1187,1060
102: 54,79,57,450,81,472
103: 656,1297,1072,441,797,719
104: 650,53,850,324,566
105: 49,138,1266,236,498,1312
106: 623,412,998,477,1063,833
107: 265,571,485,1063,1152,861
108: 358,365,45,226,300,44
109: 1000,931,349,1530,307
110: 126,73,1747,1704,1186,447
111: 1256,205,435,330,221,515
112: 211,154,329,283,192,27
113: 10,12,160,410,547,53
114: 304,767,774,18,1058,380
115: 765,145,162,812,95,442
116: 133,465,68,1065,903,180
204: 1055,846,1000,72,244,1906
118: 1,186,10,337,171,157
119: 234,754,544,1268,674,1424
120: 627,331,269,488,79,57
121: 1009,407,91,48,457,762
122: 474,152,1541,137,7,1443
123: 297,1073,446,1770,146
124: 35,241,557,641,449,258
125: 150,139,334,1690,1418,956
126: 639,73,110,638,1747
127: 605,565,411,74,503,175
128: 288,688,1906,1055,148,366
129: 166,253,161,282,207,648
130: 223,980,606,1477,80,622
131: 661,726,471,1736,538,514
132: 178,397,156,1322,151,430
133: 465,116,1394,1065,1788,543
134: 1475,475,531,382,437,823
135: 963,693,248,1195,731,1025
136: 1055,1915,148,1928,846,1436
137: 325,353,1967,408,474,122,1443
138: 49,105,876,232,236,532
139: 125,150,152,1541,956,89
140: 400,1708,378,285,330
141: 346,1043,316,167,58,268
142: 789,322,1163,923,270,1224
143: 276,44,240,300,54,319
144: 39,651,1580,1947,1565,801
145: 115,196,765,183,162,59
146: 543,1770,434,1073,123,505
147: 1103,178,156,188,234,314
148: 1055,136,1915,128,350,366
149: 278,283,356,27,60,19
150: 125,139,1541,1603,1690
151: 517,710,600,430,132,1322
152: 139,122,1541,1013,89,7
153: 258,165,14,449,514,518
154: 211,112,66,329,649,290
155: 1582,1643,1313,1215,858,1526
156: 178,132,147,1322,234,544
157: 17,63,226,171,118,186
158: 513,1242,682,163,306,239
159: 1004,1184,448,955,578,222
160: 10,12,337,113,501,190
161: 129,253,303,252,282,615
162: 115,145,59,461,683,442
163: 158,1199,682,306,508,522
164: 589,89,1409,1013,16,1129
165: 153,233,14,867,170,518
166: 129,253,362,308,207,43
167: 346,141,316,867,40,458
168: 629,1912,511,635,432,1864
169: 594,627,331,375,427,345
170: 500,518,954,165,867,458
171: 10,410,45,226,157,118
172: 679,737,267,1405,466,810
173: 555,785,1665,1032,984,289
174: 323,326,736,1890,1974
175: 263,237,503,127,411,202
176: 97,31,263,182,694,238
177: 643,567,1587,717,1432,1471
178: 1103,397,401,132,147,156
179: 765,70,573,95,61,293
180: 639,839,465,116,903
181: 201,766,1583,1833,836,99
182: 176,31,345,694,556,375
183: 196,765,145,216,70,718
184: 1747,409,402,246,1704,65
185: 715,599,1402,1170,219,227
186: 1,118,261,88,63,157
187: 209,1973,1967,931,897,1530
188: 1022,947,1103,147,1617,314
189: 1005,889,758,281,193,357
190: 1419,814,1937,12,160,501
191: 1004,816,537,942,940,955
192: 27,780,100,112,329,854
193: 889,189,281,348,916,262
194: 569,875,902,610,513,1242
195: 683,82,804,1928,59
196: 145,183,59,804,374,718
197: 897,1144,385,1807,209
198: 528,1565,224,1947,675
199: 1624,1905,990,332,1316,1724
200: 215,431,301,68,570,260
201: 255,37,181,766,1583,1737
202: 257,530,421,411,175,237
205: 1256,111,309,939,515,1221
206: 956,1300,1409,440,1418,488
207: 37,648,766,43,166,129
208: 374,312,350,561,366,251
209: 1912,187,1973,897,197,385
210: 1279,802,392,1306,369,919
211: 154,112,290,372,283,90
212: 220,33,274,354,913,384
213: 416,541,775,759,859,607
214: 720,996,394,444,1007,620
215: 200,563,431,1094,68,903
216: 183,70,608,718,35,77
217: 535,562,499,712,241,702
218: 445,740,322,748,1359,866
219: 1005,758,1178,185,1402,1170
220: 33,212,354,29,317,46
221: 285,435,330,111,48,457
222: 454,273,291,159,448,578
223: 980,130,622,650,850
224: 528,198,372,83,90,675
225: 28,434,38,1788,1935
226: 108,45,171,17,44,157
227: 940,676,25,715,185,1170
228: 417,612,1282,732,1132,1036
229: 428,414,784,18,311,380
230: 496,737,267,1097,507,1372
231: 679,496,737,352,403,1941
232: 319,450,22,138,876,532
233: 165,14,61,867,293,316
234: 119,754,544,314,147,156
235: 1080,651,1580,425,1206,250
236: 532,422,1019,498,138,105
237: 31,175,721,263,257,202
238: 694,593,847,473,176,97
239: 1187,579,1111,158,513,306
240: 594,331,300,54,79,143
242: 692,30,640,708,720,620
243: 669,613,1698,460,526,1802
244: 72,1205,1129,1000,1420,204
245: 1576,961,1244,1190,1208,744
246: 184,38,409,402,259,64
247: 554,96,1617,1796,1893
248: 135,1370,693,1502,1195,1488
249: 13,1224,789,1369,303,615
250: 1206,935,947,1608,235,1580
251: 668,341,688,208,312,366
252: 275,690,983,282,615,161
253: 166,93,129,161,303,362
254: 1405,830,1078,398,516,1326
255: 201,37,1737,1346,491,801
256: 573,47,1073,505,1043,268
257: 21,202,530,721,237,423
258: 153,77,14,35,124,449
259: 38,246,64,354,317
260: 40,326,346,570,200,301
261: 1,6,100,186,88,388
262: 609,348,979,1045,889,193
263: 176,97,31,175,237,503
264: 904,16,1205,34,794,1408
265: 485,107,1063,833,885
266: 65,861,42,485,402
267: 737,230,172,810,1372
268: 141,293,1043,316,573,256
269: 440,451,633,488,627,120
270: 621,1221,1224,1163,419,142
271: 497,489,626,1088,296,763
272: 773,1379,336,393,1807
273: 454,399,468,291,222,408
274: 212,913,76,446,384
275: 983,252,282,774,767,87
276: 17,44,22,143,32,319
277: 425,642,30,520,397,401
278: 27,149,60,780,86,768
279: 914,976,418,868,481,533
280: 794,1266,904,1436,725,82
281: 189,193,916,1496,357,1175
282: 275,252,129,161,648,87
283: 27,149,19,211,112,90
284: 1357,1900,1286,873,818
285: 330,221,140,714,400,457
286: 814,836,308,407,793,43
287: 86,9,84,23,33,29
288: 455,307,128,688,1906,15
289: 1272,438,984,173,555,632
290: 211,154,649,99,452,372
291: 273,294,468,222,448,917
292: 516,298,1254,821,1456,1739
293: 316,268,179,573,233,61
294: 468,291,1130,917,1603
295: 652,667,553,979,1212,1045
296: 1338,1059,730,763,489,271
297: 812,47,1073,20,123,446
298: 516,318,1254,1661,1326,292
299: 1147,1805,644,1713,1352
300: 365,108,240,594,44,143
301: 200,437,431,382,326,260
302: 1027,1739,65,1704,447
303: 93,253,161,13,249,615
304: 52,333,1077,767,114,1058
305: 667,978,553,1160,1020
306: 158,163,508,239,579,820
307: 1530,288,455,1125,1906,109
308: 407,91,166,362,286,43
309: 1905,1724,1883,939,1256,205
310: 456,1342,628,914,481,805
311: 654,380,1092,229,428,478
312: 208,67,561,341,733,251
314: 234,754,188,147,554,1617
315: 1444,602,882,1528,1157
316: 141,293,167,268,233,867
317: 46,340,220,354,259,64
318: 298,390,1661,1326,1787,752
319: 54,232,450,276,22,143
320: 1718,368,1382,1571,825,1683
1475: 1127,475,531,134,1432,1471
322: 789,218,445,142,748,923
323: 40,326,458,736,174,954
324: 650,53,104,36,389,547
325: 511,353,137,1973,1967
326: 323,40,382,174,260,301
327: 1131,1202,1715,1333
328: 1302,335,1858,1685,563,1094
329: 154,112,66,6,100,192
330: 1256,285,111,221,140
331: 240,594,169,627,120,79
332: 1624,990,199,1644,1503,1327
333: 52,1077,1346,304,39,85
334: 1462,1496,1690,1035,1418,125
335: 328,1685,563,521,1536,1786
336: 272,1982,614,1864,385,1807
337: 10,160,501,1,118,78
338: 24,55,9,404,1064,5
339: 852,341,826,733,562,433
340: 735,42,885,317,46,64
341: 339,852,668,733,251,312
342: 495,487,550,578,387,454
343: 360,908,1571,1068,941,825,1014
344: 91,48,435,363,93,362
345: 31,721,182,169,375,427
346: 141,167,58,570,40,260
347: 1462,1768,357,1170,758,676
348: 609,593,509,916,262,193
349: 7,1000,109,1443,931,1420
350: 374,208,366,1915,804,148
351: 1195,355,462,731,1056,1708
352: 496,231,403,453,636,1865
353: 629,511,325,137,399,408
354: 220,212,317,28,384,259
355: 351,1395,462,1316,378,1708
356: 149,60,19,623,833
357: 1462,347,1496,189,758,281
358: 41,365,423,108,45,21
359: 539,92,1449,674,1424
360: 908,343,1014,1052,969,1348
361: 486,884,1828,581,799,558
362: 166,93,253,344,308,91
363: 13,621,515,435,344,93
364: 1168,700,1123,1489,1560,1293
365: 358,423,108,300,594,427
366: 208,350,128,688,148,251
367: 1177,1447,1427,1122,1083,1435
368: 1692,320,896,1718,1337,1571
369: 919,540,872,1306,210,1366
370: 1444,602,1504,1090,975,1309
371: 32,63,88,5,94,55
372: 528,452,224,211,290,90
373: 1070,1586,636,1097,1368,523
374: 208,350,718,561,804,196
375: 169,627,556,182,345,451
376: 1610,1269,1154,760,1446,549
377: 1302,522,1858,493,508
378: 1316,1724,355,140,1708
379: 1002,1341,1461,1329,1431
380: 654,311,1058,229,18,114
381: 76,981,1615,8,912,624
382: 326,437,301,1974,134
383: 1613,723,841,680,742,706
384: 28,1770,274,212,354
385: 197,1807,1864,1912,209,336
386: 1270,1191,1602,874,1028
387: 495,342,454,399,432,629
388: 100,261,88,854,24,55
389: 21,36,530,324,41,547
390: 318,1661,96,1771,92,1787
391: 1703,1411,1956,1082,1459,705
392: 755,1181,1306,802,210,1706
393: 1807,1087,272,1379,420,1965
394: 720,996,214,1307,884,799
395: 1830,1317,666,1497,1484,1044
396: 1493,469,499,712,1452,490
397: 178,401,132,277,520,430
398: 1405,254,1326,1941,752,679
399: 454,273,408,387,629,353
400: 140,714,980,285
401: 1103,178,397,425,277,1206
402: 184,246,64,42,266,65
403: 424,865,1941,453,352,231
404: 9,338,1064,981,912,23
405: 687,1468,696,453,1865,1823
406: 703,15,591,1585,455,868
407: 1009,308,121,91,793,286
408: 273,399,468,474,353,137
409: 184,38,1747,246,1935,638
410: 10,547,113,171,41,45
411: 605,127,80,175,202,421
412: 106,26,998,1913,477
413: 1588,580,1950,1165,1380
414: 229,494,1119,784,18,617
415: 599,770,1364,1044,1317,548
416: 213,759,859,739,1644,1012
417: 612,781,228,1132,1095,439
418: 914,279,791,976,634,1040
419: 1551,939,1163,1426,270,1221
420: 584,922,1040,1379,393,1965
421: 36,622,202,530,80,411
422: 1064,236,532,5,94,1019
423: 358,365,721,21,257,427
424: 539,403,1787,865,1941,752
425: 642,277,1080,235,1206,401
426: 535,1403,499,792,911,469
427: 594,169,721,345,365,423
428: 229,784,1532,1492,311,478
429: 1395,462,1488,611,859,739
430: 151,710,520,444,397,132
431: 200,215,563,437,521,301
432: 635,577,495,387,629,168
433: 535,805,562,1403,339,826
434: 28,543,1770,225,146,1788
435: 111,221,363,515,344,48
436: 528,452,1565,1583,1737
437: 431,521,301,382,531,134
438: 646,1304,1272,289,483,632
439: 559,677,417,1132,597,1095
440: 1035,633,269,1418,488,206
441: 1878,1072,967,656,103,603
442: 812,20,461,115,162
443: 996,1007,1373,1396,672,1437
444: 214,1007,620,520,710,430
445: 506,789,218,740,1369,322
446: 76,1615,274,297,20,123
448: 955,917,25,159,291,222
449: 124,641,258,153,471,514
450: 54,102,232,319,81,876
451: 709,633,269,556,627,375
452: 528,436,372,1583,290,99
453: 1468,405,403,865,352,1865
454: 273,399,222,342,578,387
455: 288,307,1125,1585,15,406
456: 1342,310,1516,914,791,938
457: 121,48,714,285,221,762
458: 323,40,867,167,170,954
459: 479,851,808,611,607,1502
460: 613,243,1802,736,1890,484
461: 683,1862,624,482,162,442
462: 351,1395,1195,429,355,1488
463: 1356,1191,671,1598,1602,988
464: 1099,1375,1089,475,1432,1587
465: 133,116,1788,1935,180
466: 741,1405,830,810,172,1622
467: 1005,889,1178,1020,553,979
468: 273,294,291,408,474,1603
469: 1493,1267,911,396,426,499
470: 1231,1521,1601,525,948,1236
471: 490,726,131,641,449,514
472: 589,1300,34,102,57,81
473: 536,677,847,203,238,97
474: 122,1541,1603,468,408,137
475: 1475,134,1432,1089,823,464
476: 1758,1887,1638,1875,1273,1376
477: 1063,412,106,1913,1968
478: 486,1828,428,1532,311,1092
479: 959,851,749,459,1370,1502
480: 907,1071,574,542,888,1075
481: 914,279,533,826,310,805
482: 8,624,498,461,1312,1862
483: 1304,438,632,732,1081,1036
484: 1310,560,1890,660,613,460
485: 265,107,42,885,266,861
486: 361,884,478,1828,708,1092
487: 342,750,695,550,578,1184
488: 440,269,120,206,1300,57
489: 497,271,1417,1338,1578,296
490: 1452,726,471,712,641,396
491: 1077,1346,87,255,37,648
492: 564,888,1503,1327,524,1597
493: 639,839,73,820,377,508
494: 1119,414,617,1515,568,994
495: 342,550,387,432,761,577
496: 737,230,352,231,636,1097
497: 489,1372,271,626,1417
498: 236,1019,105,1312,8,482
499: 426,535,217,712,469,396
500: 1736,170,526,518,1802,954
501: 337,160,1419,190,78,56
502: 1732,1185,1433,1061,1824
503: 536,74,127,97,175,263
504: 943,1030,583,746,1268
505: 256,1073,543,146,1043,1394
506: 445,740,1369,568,690,994
507: 1372,230,1097,899,523
508: 163,306,493,820,377,522
509: 694,593,348,556,916,709
510: 1840,893,1902,1759,1639
511: 629,1912,168,325,353,1973
512: 809,1632,815,1654,1241,1265
513: 158,1242,239,1111,902,194
514: 1736,518,449,153,131,471
515: 363,621,1221,205,435,111
516: 298,1326,292,821,1078,254
517: 869,151,672,710,600,1517
518: 1736,170,500,514,165,153
519: 692,642,52,936,1080,85
520: 30,277,444,620,397,430
521: 563,437,431,335,531,1536
522: 377,1302,1113,1199,163,508
523: 1368,855,899,373,1097,507
524: 1458,1075,1597,1149,888,492
525: 948,681,470,1236,808,775
526: 1736,538,500,1802,1698,243
527: 1406,993,1023,1810,1766,1330
528: 452,436,1565,198,372,224
529: 684,1285,1512,1120,1183,678
530: 21,257,36,202,389,421
531: 1127,1475,134,1536,437,521
532: 236,94,422,232,22,138
533: 703,852,826,279,868,481
534: 772,1267,1228,962,1244,1589
535: 426,562,1403,499,433,217
536: 559,473,677,74,503,97
537: 965,942,715,770,191,940
538: 1736,526,661,131,1051,1698
539: 359,92,424,1787,865
540: 369,685,919,886,872,1901
541: 213,775,759,681,1542,951
542: 743,619,1008,574,1071,480
543: 434,146,505,133,1394,1788
544: 234,119,1268,156,1322,746
545: 963,693,1325,631,1258,788
546: 827,686,816,1349,857,1211
547: 410,113,389,53,324,41
548: 965,790,1262,1044,415,770
549: 1446,1982,760,1872,376
550: 495,342,750,487,1120,761
551: 1284,1193,934,1305,1482,592
552: 1231,745,828,1601,1263,1495
553: 305,667,295,979,1020,467
554: 96,1617,247,754,1771,314
555: 1687,173,1677,632,785,289
556: 694,509,182,709,451,375
557: 35,241,124,702,608,67
558: 361,581,799,1028,1927
559: 536,677,439,74,819,597
560: 1310,1089,823,1890,484,1974
561: 374,208,312,608,67,718
562: 535,433,217,339,733,702
563: 215,431,521,1094,328,335
564: 888,1218,492,1327,1012,574
565: 699,605,127,788,74,819
566: 53,762,104,1009,12,1937
567: 643,177,1358,717,697,753
568: 1093,1515,506,740,994,494
569: 1088,616,1622,875,902,194
570: 68,1065,346,58,260,200
571: 107,1063,1152,1893,1968
572: 655,1818,662,707,1047
573: 95,47,256,179,293,268
574: 743,542,480,564,888,1218
575: 1426,1135,1503,1597,1939,990,1883
576: 1021,977,1427,724,786,1177
577: 635,432,1872,769,761,495
578: 342,487,1184,159,454,222
579: 1187,239,704,1186,820,306
580: 753,1588,413,697,1380,822
581: 361,1828,558,874,1532,1028
582: 1836,1047,973,1619,662,1412
583: 504,1030,1268,1424,1449,1024
584: 1609,420,862,922,1053,1379
585: 1029,1384,1271,933,657,1385
586: 748,1146,798,923,969,713
587: 1168,1124,700,1141,738,1049
588: 1564,1794,1776,1752,1430
589: 164,1300,34,1409,472,16
590: 1368,901,1142,855,1699,1133
591: 1144,1585,1087,976,868,406
592: 943,1517,1482,1284,551
593: 609,694,509,348,238,847
594: 240,169,331,427,365,300
595: 1288,1612,1753,952,1450,1561
596: 1460,1671,779,1339,1216
597: 631,1132,1050,559,439,819
598: 1356,1378,1039,1345,1270,1191
599: 415,715,770,185,1402,1364
600: 151,517,1517,1322,746
601: 1602,988,874,1532,719,1492
602: 315,1444,370,882,1504,1618
603: 656,856,1726,1728,441,967
604: 857,1421,918,964,1328,950
605: 699,1477,565,127,80,411
606: 1056,980,130,731,1025,1477
607: 213,611,775,859,808,459
608: 67,718,561,216,35,557
609: 593,348,262,847,1045
610: 875,194,1243,1242,69,1415
611: 859,607,459,1502,429,1488
612: 417,1282,858,781,228,1526
613: 669,757,660,243,460,484
614: 635,1864,1872,336,1982
615: 690,252,249,1369,161,303
616: 1088,569,1622,810,626
617: 494,414,18,983,774,994
618: 1160,1830,1317,1020,1364
619: 1008,542,1275,1805,1162,1071
620: 720,214,444,242,30,520
621: 270,363,13,515,1221,1224
622: 36,421,80,223,130,650
623: 83,106,998,356,19,833
624: 1615,381,8,482,461
625: 877,701,842,1427,724,1435
626: 497,1372,271,1088,616
627: 169,331,375,120,451,269
628: 657,1342,310,805,1403,792
629: 168,511,353,387,399,432
630: 1209,856,1538,1781,1721,1729
631: 1050,1258,597,545,819,788
632: 555,1677,438,289,483,732
633: 440,1175,709,1035,451,269
634: 722,922,1040,791,418,1581
635: 614,432,1864,1872,577,168
636: 1586,373,1865,1097,496,352
637: 831,1128,1576,1208,1859,1442
638: 126,1747,409,1935
639: 839,493,126,73,180
640: 936,654,1092,708,692,242
641: 712,241,124,449,490,471
642: 425,692,30,277,519,1080
643: 567,1587,177,1031,1358,647
644: 1425,1713,299,653,1139,1352
645: 1172,1149,1939,941,811
646: 1332,1304,1272,953,438,1104
647: 734,870,1099,643,1587,1031
648: 207,37,129,282,87,491
649: 154,66,290,99,56,71
650: 104,850,324,223,36,622
651: 39,144,1080,235,85,1580
652: 667,295,1582,716,843,1212
653: 1121,1139,1287,1425,1470,644
654: 936,311,1058,380,1092,640
655: 728,1296,572,707,1414
656: 1209,103,856,1297,603,441
657: 1342,628,1385,792,585,933
658: 1861,1662,1422,1684
659: 1255,932,1574,1192,1226,1200
660: 757,613,1310,484,1124,1141
661: 726,131,764,538,860,1051
662: 572,1414,1556,1047,582,1412
663: 69,1501,1232,1415,1478,1033
664: 1154,898,1183,678,760,769
665: 1938,1016,1499,1670
666: 1830,1634,395,1283,1894,1497
667: 305,652,978,295,553,716
668: 703,852,341,251,15,688
669: 757,1605,891,613,1698,243
670: 1754,1714,1891,1110,968,1954
671: 1209,1297,1538,1598,988,463
672: 869,517,710,443,1007,1437
673: 957,795,1320,1116,1105,1106
674: 119,754,1424,1771,359,92
675: 83,26,998,198,224,1608
676: 227,1130,917,25,1170,1768,347
677: 559,473,536,439,203,1095
678: 664,1183,529,1120,769,761
679: 737,172,231,1941,1405,398
680: 1098,1001,706,1136,723,383
681: 525,1287,948,1542,541,775
682: 158,1243,1199,1242,163,824
683: 461,1862,195,162,59
684: 1109,1285,529,1229,1120,750
685: 540,872,1901,849,1950,1509
686: 827,546,1004,1184,816,695
687: 1225,1468,1024,829,696,405
688: 288,128,668,251,15,366
689: 1081,1258,1304,953,959,1325
690: 983,252,994,615,506,1369
691: 943,1030,1284,1365,1225,783
692: 642,242,30,519,936,640
693: 135,963,1370,545,248,1325
694: 593,509,556,238,176,182
695: 750,487,827,686,1184,1229
696: 687,829,405,1818,1240,1823
697: 567,1358,753,580,1854,822
698: 313,1227,1812,1964,1252
699: 605,1025,1477,565,788,963
700: 364,1168,587,1049,1293,1210
701: 1373,1396,1276,877,625,842
702: 241,557,733,67,562,217
703: 852,668,533,15,406,868
704: 1187,1060,579,1186,447,1027
705: 313,1459,1761,1374,391
706: 680,742,1098,1261,1779,383
707: 655,728,1818,572,783,829
708: 486,884,1092,640,242,720
709: 1175,451,633,509,556,916
710: 151,517,672,430,444,1007
711: 905,973,1619,895,1234,1933
712: 241,641,499,217,396,490
713: 798,586,923,1551,1163,811
714: 400,285,762,850,457
715: 599,770,185,537,227,940
716: 1582,1531,1215,652,667,978
717: 567,177,1471,1264,753,1646
718: 374,608,561,196,183,216
719: 988,601,1492,103,1297,797
720: 214,394,620,884,708,242
721: 31,237,345,257,427,423
722: 1609,1192,922,634,1066,1581
723: 1613,1222,1136,1038,383,680
724: 576,977,1427,926,625,842
725: 1312,1862,82,1266,280
726: 1452,490,661,131,764,471
727: 1028,1021,977,1927,1295
728: 655,1296,707,783,1101,1365
729: 987,1784,1649,1575,1623,1469
730: 1705,1059,296,763,1478
731: 351,1195,135,1025,1056,606
732: 1282,228,1677,632,483,1036
733: 339,341,312,67,562,702
734: 870,647,1031,1188,910,1280
735: 885,46,768,340,60
736: 323,174,1802,954,460,1890
737: 679,496,230,172,267,231
738: 1141,870,1049,1099,1375,587
739: 416,859,1644,1395,429,1624
740: 506,218,445,1093,866,568
741: 101,830,466,1111,1622,902
742: 706,1779,383,841,921,1851
743: 951,1008,574,542,1277,1218
744: 961,245,1208,771,777,817
745: 552,1231,1340,1695,1263,1179
746: 504,1322,600,544,1268
747: 1438,1570,1293,1439,1591,1210
748: 1359,1146,586,923,218,322
749: 479,959,1143,851,953,1104
750: 695,487,550,684,1229,1120
751: 1388,892,1353,1835,1763,1537
752: 424,1787,1941,318,1326,398
753: 1588,580,1646,567,717,697
754: 234,119,674,1771,314,554
755: 1786,1181,392,1113,1685,1706
756: 1978,999,1472,1599,1377
757: 669,891,660,613,1124,796
758: 1005,219,189,1170,347,357
759: 213,416,541,951,1218,1012
760: 1154,664,1872,769,376,549
761: 769,577,1120,495,550,678
762: 850,566,714,1009,121,457
763: 296,730,1088,271,1976
764: 1452,661,726,945,1167,860
765: 115,145,183,70,179,95
766: 207,201,37,181,43,836
767: 1077,304,114,87,275,774
768: 735,46,86,278,60,29
769: 1872,761,577,664,678,760
770: 415,715,599,537,965,548
771: 961,744,1220,848,1813,777
772: 534,1493,1267,945,1244,1190
773: 272,1446,1053,1379,1982
774: 275,983,18,617,767,114
775: 213,541,607,525,681,808
776: 1849,1897,1800,1062,915,1933
777: 1782,817,1772,744,771,1813
778: 1754,1100,1877,1216,1873
779: 1671,1197,1873,928,596,1216
780: 278,192,27,854,86,84
781: 417,612,1526,843,1095,1955
782: 1497,1777,1134,1740,930,1283
783: 728,707,691,1365,1225,829
784: 229,428,1119,414,797,1492
785: 1687,173,555,995,1763,1032
786: 1177,1633,887,1171,576,1021
787: 1875,1037,1638,1868
788: 699,565,631,963,545,819
789: 445,1369,322,142,249,1224
790: 1112,965,837,1367,1262,548
791: 914,418,634,938,1581,456
792: 426,1403,657,628,933,911
793: 1009,407,814,286,1937
794: 49,1408,1266,280,904,264
795: 957,673,880,1276,1233,1106
796: 1168,1124,970,1123,757,891
797: 1119,784,1072,103,719,1492
798: 586,969,713,908,811
799: 361,884,558,926,394,1307
800: 1048,1155,1731,1164
801: 1565,255,1737,1346,39,144
802: 1018,1279,210,824,1706,392
803: 1786,1181,1127,1536,1264
804: 1915,1928,195,374,350,196,59
805: 1403,433,481,826,310,628
806: 1499,1292,1884,1577,1757,986,1510
807: 1831,1667,1651,1945,1735,1570,1765
808: 1236,851,459,525,775,607
809: 1729,1598,1632,512,815,1940,1538
810: 466,172,267,616,1622
811: 1551,1135,645,798,713
812: 95,297,47,442,20,115
813: 1891,962,1384,1271,1625,1259
814: 1419,190,1833,836,286,1937,793
815: 809,1598,512,1654,1356,1039
816: 686,546,1004,191,1349,942
817: 777,1782,1756,1859,1208,744
818: 896,873,284,1392,1554
819: 559,74,631,597,565,788
820: 579,1186,493,73,306,508
821: 1027,1739,516,292,1060,1078
822: 1203,1380,697,580,925,1854
823: 560,1089,1974,475,134
824: 1018,802,1706,1243,1199,682
825: 1571,343,320,1014,1924
826: 339,852,533,481,805,433
827: 686,546,857,1328,1229,695
828: 552,1601,1495,1332,1104,1143
829: 687,1225,696,1818,707,783
830: 741,1405,101,466,1078,254
831: 637,1167,1371,860,1128,1576
832: 1406,958,1448,1688,1984
833: 265,1063,356,623,106
834: 1604,1249,1319,1434,1422,1630
835: 1481,1757,1853,1389,929,1510
836: 1833,814,286,181,766,43
837: 1112,965,790,942,853,1349
838: 1042,1102,1909,1006,1738
839: 639,493,180,903,1094,1858
840: 1318,1934,1096,1159,1142,944
841: 991,1353,1613,383,742,1851
842: 1373,625,701,724,926,1307
843: 1212,1955,1582,781,1526,652
844: 957,1305,880,1437,1482,869
845: 1398,1527,1487,1929,1761
846: 1055,136,1436,204,72
847: 203,473,609,593,238
848: 1977,1220,1625,961,1589,771
849: 685,1611,1901,1201,1752,1430,1509
850: 650,762,104,714,223
851: 1236,479,1143,808,749,459
852: 339,703,668,533,341,826
853: 1204,1453,1112,837,1211,1349
854: 24,84,100,388,192,780
855: 1159,1368,1142,899,590,523
856: 630,656,1209,603,1728,1721
857: 1211,964,604,1328,827,546
858: 612,1282,1526,1245,155,1313
859: 213,416,611,607,739,429
860: 1167,1371,831,1051,661,764
861: 266,1456,485,107,1152
862: 1609,584,1079,1053,1321,1574
863: 1476,1023,1705,1239,1054,993
864: 1086,1494,1442,1474,1756,1859
865: 539,403,424,1449,1468,453
866: 1093,967,1359,1198,218,740
867: 165,233,316,167,170,458
868: 279,976,591,703,533,406
869: 517,672,1517,844,1437,1482
870: 734,738,1049,647,1099,910
871: 1391,1383,1339,1360,1381,1460
872: 369,685,540,1366,1950
873: 960,1692,896,818,1286,284
874: 1602,1532,601,386,581,1028
875: 1088,569,194,610,69,1976
876: 49,138,1408,232,450,81
877: 1276,625,701,1628,1233,1435
878: 1953,1652,1803,1511
879: 1655,1486,915,1897,1441,1235
880: 957,795,844,1437,1396,1276
881: 1182,1494,1442,1620,1128,970
882: 315,602,1618,1116,909,1157
883: 1540,1140,1061,1189,1732,1260
884: 361,486,799,708,720,394
885: 735,42,340,265,485
886: 919,540,1901,1984,1238,958
887: 1345,1295,1832,1171,1021,786
888: 564,492,574,480,524,1075
889: 1005,467,189,193,979,262
890: 1848,1822,1467,1657,1911
891: 669,757,1605,1620,970,796
892: 751,1353,1537,1643,1313,1851
893: 510,1902,1701,1759,1855
894: 1219,1777,1134,1237,1559
895: 1673,711,1619,1933,1062,1767
896: 1692,873,1718,368,818
897: 197,209,187,1530,1125
898: 1154,664,1183,1562,1884,1577
899: 1159,855,523,507,1417
900: 1977,1220,1107,1962,1674,1764
901: 1368,590,1070,905,1173,1699
902: 569,1622,194,741,1111,513
903: 116,68,839,180,215,1094
904: 72,264,1205,794,280,1436
905: 711,973,1173,901,1699,1234
906: 1880,1156,1529,1158,1487,1929
907: 1678,1553,1091,1071,480,1075
908: 360,941,343,798,969
909: 1116,1566,1105,1760,882,1618
910: 1188,1439,1210,734,870,1049
911: 1267,1228,469,426,792,933
912: 981,381,8,1064,1019,404
913: 23,33,274,212,76,981
914: 279,791,418,481,456,310
915: 879,1234,1486,1933,776,1897
916: 509,348,281,193,1175,709
917: 1130,676,448,25,294,291
918: 1421,604,950,1118,1907,1351
919: 369,886,540,1279,210,1238
920: 1172,1458,1678,1429,1337,1068
921: 1643,1531,1215,1851,742,1779
922: 1609,420,722,584,634,1040
923: 748,586,713,1163,322,142
924: 1815,1961,1860
925: 1857,1742,1854,1203,1423,822
926: 724,1927,799,1307,842
927: 1635,1466,1985,1150
928: 1197,1873,779,1137,938,1516
929: 1389,1479,835,1853,1533,1485
930: 1740,1150,1440,1283,989,782
931: 109,1443,349,187,1967,1530
932: 1932,659,1255,1467,1246,1226
933: 1384,585,657,792,1228,911
934: 551,1193,1528,1157,1305,1320
935: 250,1022,1913,947,1608,26
936: 654,1058,640,52,692,519
937: 1593,1600,1926,1812
938: 1197,928,1581,791,456,1516
939: 419,1426,309,1883,205,1221
940: 227,955,25,537,715,191
941: 908,1068,343,1172,645
942: 537,965,837,191,816,1349
943: 504,1030,691,592,1284
944: 1142,1655,1133,1934,840,1294
945: 772,1493,1452,764,1190,1167
946: 1404,1742,1854,1280,1031,1358
947: 1206,250,188,935,1022,1103
948: 1121,525,1287,681,470,1521
949: 1046,1917,1898,1942,997,1548
950: 918,604,1328,1351,1109,1490
951: 743,1277,1542,541,759,1218
952: 1217,1450,1011,1519,1561,595
953: 646,1304,1104,959,749,689
954: 170,500,1802,323,458,736
955: 940,448,25,1004,191,159
956: 206,89,1409,1418,125,139
957: 795,673,1305,844,1320,880
958: 1448,832,1238,1501,886,1984
959: 479,749,953,689,1370,1325
960: 1692,873,1429,1247,1091
961: 245,1244,744,1589,771,848
962: 813,1384,534,1228,1625,1589
963: 135,545,693,699,1025,788
964: 857,1211,1421,604,1204,1672
965: 537,837,790,548,942,770
966: 1923,1114,1750,1733,1682,1769
967: 1878,866,441,1198,1726,603
968: 1110,1727,670,1891,1259
969: 1146,798,586,360,908,1348
970: 1123,796,1620,891,1182,881
971: 1969,1251,1792,1842
972: 1669,1348,1153,1350,1052,1725
973: 905,1836,711,1619,582,1173
974: 1397,1826,1495,984,1332,1272
975: 1090,1590,1444,370,1296,1414
976: 279,1965,418,868,591,1087
977: 576,1021,724,1927,727
978: 305,667,1531,716,1464
979: 295,553,1045,467,889,262
980: 400,223,1056,606,130
981: 76,381,912,404,23,913
982: 1957,1543,1274,1463,1388,1546,1835
983: 275,690,252,774,994,617
984: 1397,974,1665,173,1272,289
985: 1707,1732,1260,1922
986: 1057,1757,806,1938,1499
987: 1784,729,1867,1067,1575
988: 1602,601,719,671,1297,463
989: 930,1440,1283,1098,1894,1001
990: 1905,199,332,1883,1503,575
991: 1388,841,1546,1353,1613,1074
992: 1776,1465,1972,1919,1711,1723
993: 1406,1054,527,1448,1023,863
994: 690,983,506,568,494,617
995: 785,1763,1957,1032,1140,1835
996: 214,443,394,1307,1007,1373
997: 1543,1548,949,1917,1840
998: 83,623,412,106,26,675
999: 1694,1472,1084,1675,756,1599
1000: 109,349,1420,244,204
1001: 680,1098,1041,1136,1440,989
1002: 1318,379,1839,1096,1461,1508
1003: 1825,1573,1457,1161
1004: 686,1184,191,816,159,955
1005: 219,467,889,189,758,1178
1006: 1102,838,1253,1772,1738,1869
1007: 996,214,443,444,672,710
1008: 743,619,1352,542,1277,1805
1009: 121,407,793,762,566,1937
1010: 1181,1306,1588,1646,1366
1011: 1518,1519,1561,1201,1430,952
1012: 564,1218,1644,1327,416,759
1013: 152,164,89,7,1420,1129
1014: 1248,1924,1052,360,825,343
1015: 1855,1804,1701,1660,1797
1016: 1499,1292,1407,665,1670,1850
1017: 1694,1626,1930
1018: 1279,802,1033,824,1243,1415
1019: 1064,236,422,498,8,912
1020: 618,1160,305,553,467,1178
1021: 576,977,727,1295,887,786
1022: 188,935,1913,947,1617,1796
1023: 1166,1476,863,1810,527,993
1024: 687,1225,1468,1030,583,1449
1025: 699,1477,135,963,731,606
1026: 1593,1969
1027: 821,1739,302,1060,704,447
1028: 1927,727,874,386,581,558
1029: 1271,585,1137,1385,1714,1877
1030: 504,943,691,583,1225,1024
1031: 643,1358,734,647,946,1280
1032: 1665,1540,1140,173,995,785
1033: 1018,1279,1238,1501,1415,663
1034: 1775,1700,1559,1879,1722,1466
1035: 440,1175,633,1418,334,1496
1036: 1081,1132,1050,483,732,228
1037: 1324,1638,1681,1868,1899,787
1038: 1613,1222,1797,723,1074,1607
1039: 1356,1378,598,815,1654,1525
1040: 420,922,634,1965,418
1041: 1138,1483,1136,1895,1440,1001
1042: 1674,1102,838,1909,1764,1744
1043: 141,58,268,256,505,1394
1044: 1484,1317,395,1262,548,415
1045: 1212,295,979,609,262
1046: 1719,949,1898,1922,1942
1047: 1836,582,1818,662,572,1240
1048: 1876,800,1673,1767
1049: 870,738,700,587,1210,910
1050: 1081,631,1132,1036,1258,597
1051: 1371,860,661,538,1605,1698
1052: 1014,1248,1725,360,972,1348
1053: 773,1446,1379,1079,584,862
1054: 1448,993,1232,1705,863
1055: 136,148,846,204,128,1906
1056: 980,1708,606,351,731
1057: 1207,1481,1757,986,1938
1058: 936,654,380,52,304,114
1059: 1705,1338,1239,1341,296,730
1060: 1187,704,1027,821,101,1078
1061: 1665,1540,883,502,1397,1824
1062: 1849,776,1767,895,1933
1063: 265,571,107,477,833,106,1968
1064: 5,422,1019,404,338,912
1065: 133,116,68,1394,570,58
1066: 1671,1197,1581,722,1192,1200
1067: 987,1874,1575,1697,1837
1068: 1571,941,343,1337,1172,920
1069: 1110,1567,1117,1847
1070: 1331,1586,373,1173,1368,901
1071: 1553,1162,907,480,619,542
1072: 1878,441,1515,103,1119,797
1073: 297,47,256,123,505,146
1074: 1613,1038,1390,1607,1546,991
1075: 1458,524,1678,907,480,888
1076: 1793,1631,1290,1944,1897,1800,1441
1077: 333,1346,304,767,87,491
1078: 101,830,254,821,516,1060
1079: 1269,1479,1446,1053,1321,862
1080: 651,235,85,425,642,519
1081: 1036,1050,689,1258,1304,483
1082: 1250,1298,1600,391,1956,1459
1083: 1122,1169,1180,1447,367,1507
1084: 1676,1675,999,1599,1386
1085: 1410,1925,1979
1086: 1336,864,1494,1474,1923,1176
1087: 591,1144,393,1965,976
1088: 616,569,875,271,626,1976,763
1089: 1310,560,823,475,464,1375
1090: 1799,975,1590,1668,1309,370
1091: 1678,1429,1553,1247,907,960
1092: 654,311,640,486,478,708
1093: 1878,866,1515,568,740
1094: 215,563,903,839,328,1858
1095: 203,1955,417,781,677,439
1096: 1318,1002,840,1159,1578,1461
1097: 373,636,496,230,507,523
1098: 680,1894,1001,1261,706,989
1099: 464,870,738,647,1375,1587
1100: 1754,778,1801,1216,1339,1360
1101: 1365,1193,1528,1444,728,1296
1102: 1042,838,1764,1006,1813,1772
1103: 178,401,147,1206,188,947
1104: 646,1332,953,828,1143,749
1105: 1116,909,1106,1760,1520,673
1106: 1105,1520,1539,1233,795,673
1107: 1977,900,1259,1727,1962
1108: 1921,1347,1156,1814,1303,1399
1109: 684,1285,1490,1229,1328,950
1110: 1117,1727,1069,1847,968,1954,670
1111: 741,101,1187,239,513,902
1112: 837,790,1367,853,1401,1453
1113: 1302,522,1685,1199,755,1706
1114: 966,1750,1733,1749,1544,1971
1115: 1343,1550,1568,1545,1387,1361
1116: 1105,909,673,1320,1157,882
1117: 1110,1567,1727,1069,1962,1334
1118: 1301,1445,1907,1308,1421,918
1119: 494,414,784,797,1072,1515
1120: 684,529,750,550,678,761
1121: 653,1287,948,1709,1470,1521
1122: 1083,1169,1355,1628,1435,367
1123: 364,1168,970,1489,796,1182
1124: 1168,796,587,757,660,1141
1125: 1530,455,307,897,1585
1126: 1557,1846,1696,1918,1936,1428
1127: 1475,531,1471,1536,1264,803
1128: 1620,637,1371,831,881,1442
1129: 244,16,1205,1013,164,1420
1130: 676,917,1768,294
1131: 327,1278,1715,1730
1132: 1036,1050,597,417,228,439
1133: 1655,1699,1486,1142,590,944
1134: 1497,1219,894,1484,1777,782
1135: 575,1551,1426,811,1939
1136: 1222,723,1041,1138,680,1001
1137: 1873,928,1516,1385,1877,1029
1138: 1151,1041,1483,1660,1222,1136
1139: 653,1287,1542,644,1352,1277
1140: 1540,1032,883,1189,1957,1463,995
1141: 738,1375,660,1310,1124,587
1142: 1159,855,590,944,1133,840
1143: 1236,851,749,828,1601,1104
1144: 197,591,1585,1807,1087
1145: 1575,1294,1697,1839,1934,1469
1146: 748,1359,586,969,1348,1350
1147: 1314,1720,1480,299,1805,1713
1148: 1303,1454,1347,1413,1265
1149: 1172,645,1458,524,1597,1939
1150: 1740,930,1895,1440,1606,927,1635
1151: 1138,1563,1483,1647,1660,1804
1152: 571,107,98,1456,861,1254
1153: 972,1669,1281,1505,1725,1527
1154: 898,664,1884,760,1610,376
1155: 800,1731,1668,1834,1164,1975
1156: 906,1921,1108,1880,1529,1814
1157: 1528,934,1320,1116,315,882
1158: 1323,1529,1227,1374,1929,906
1159: 1142,855,899,1417,1578,1096,840
1160: 618,1830,1634,1464,1020,305
1161: 1253,1782,1474,1756,1003
1162: 1553,1071,1275,1387,619
1163: 1551,419,923,713,270,142
1164: 1680,1569,1975,800,1155
1165: 1217,1380,413,1950,1519,1509
1166: 1476,1315,1023,1257,1810,1966
1167: 860,831,945,764,1576,1190
1168: 364,1124,700,1123,796,587
1169: 1122,1083,1355,1354,1751,1507
1170: 185,219,758,227,676,347
1171: 1832,1681,887,786,1273,1633
1172: 645,1458,920,1149,1068,941
1173: 905,1836,973,1331,1070,901
1174: 1848,1393,1717
1175: 709,1035,633,281,916,1496
1176: 1923,1733,1474,1086,1825
1177: 786,1447,1633,367,576,1427
1178: 1005,219,467,1020,1402,1364
1179: 1263,1844,1335,1951,1695,745
1180: 1376,1447,1513,1887,1083,1507
1181: 803,755,1786,392,1306,1010
1182: 1336,881,1494,970,1123,1489
1183: 898,664,678,1562,529,1512
1184: 686,1004,159,695,487,578
1185: 1707,502,1511,1433,1803
1186: 579,704,447,820,73,110
1187: 1060,239,579,704,101,1111
1188: 1249,1439,1319,910,734,1280
1189: 1140,883,1260,1548,1463
1190: 1576,245,1244,772,945,1167
1191: 1356,386,598,1270,463,1602
1192: 1609,722,659,1574,1200,1066
1193: 1284,1101,1365,551,1528,934
1194: 1285,1490,1512,1344,1552
1195: 351,462,1488,731,135,248
1196: 1751,1507,1789,1513
1197: 1671,1066,928,779,938,1581
1198: 1726,1669,1350,1359,866,967
1199: 682,163,1113,522,824,1706
1200: 1226,659,1192,1671,1066
1201: 1011,1519,1430,1509,849
1202: 327,1715,1514,1354,1333,1641
1203: 1423,1217,1450,1380,822,925
1204: 1291,853,1453,1672,1211,964
1205: 904,72,244,264,16,1129
1206: 250,947,235,425,1103,401
1207: 1057,1481,1717
1208: 1576,245,744,637,817,1859
1209: 671,630,656,856,1297,1538
1210: 1439,910,700,1049,747,1293
1211: 857,964,1204,853,546,1349
1212: 843,1045,1955,652,295
1213: 1817,1637,1241,1654,1324,1525
1214: 1425,1713,1627,1827,1882
1215: 155,1582,1643,921,1531,716
1216: 1100,778,596,1873,779,1339
1217: 1165,1203,952,1450,1380,1519
1218: 564,1012,743,951,574,759
1219: 894,1484,1134,1237,1367,1262
1220: 1977,900,848,771,1764,1813
1221: 270,621,515,939,419,205
1222: 1136,1038,1797,723,1138,1660
1223: 1978,1778,1908,1445
1224: 270,13,621,249,789,142
1225: 687,1024,829,1030,691,783
1226: 1645,1246,1200,659,932
1227: 698,313,1374,1323,1252,1158
1228: 534,1267,911,962,1384,933
1229: 684,1109,1328,827,750,695
1230: 1919,1455,1534,1451,1711,1506
1231: 552,745,470,1521,1601,1340
1232: 1501,663,1478,1705,1054
1233: 1539,1628,1276,877,795,1106
1234: 1699,1486,915,1933,905,711
1235: 1987,1441,1294,1697,1655,879
1236: 1143,851,808,470,1601,525
1237: 1676,1219,894,1401,1367
1238: 1279,1033,1501,919,886,958
1239: 1705,1059,1341,1476,1329,863
1240: 1331,1823,696,1818,1836,1047
1241: 1413,1637,1213,1265,512,1654
1242: 158,1243,513,682,194,610
1243: 1242,682,610,1018,824,1415
1244: 961,245,1190,1589,772,534
1245: 1282,858,1687,1677,1537,1313
1246: 1645,1226,1920,1467,932,1911
1247: 1553,1091,1550,1286,960
1248: 1014,1703,1411,1924,1052,1725
1249: 1604,834,1188,1439,1319,1591
1250: 1969,1082,1792,1298,1593,1600
1251: 971,1792,1382,1554,1718
1252: 1557,1323,698,1227
1253: 1782,1161,1772,1006,1869
1254: 298,1661,292,1152,98,1456
1255: 1932,659,932,1485,1321,1574
1256: 205,330,111,309,1724
1257: 1166,1315,1642,1966,1748,1809
1258: 1081,631,1050,689,545,1325
1259: 1977,1625,1107,813,1891,968
1260: 985,1732,1942,883,1189
1261: 1098,1894,706,1779,1634,1464
1262: 790,1367,548,1219,1484,1044
1263: 1826,1495,1844,1179,552,745
1264: 1127,1471,803,717,1646
1265: 1413,1241,1347,1148,1632,512
1266: 49,794,105,280,1312,725
1267: 772,534,1493,1228,911,469
1268: 119,544,1424,504,583,746
1269: 1610,1479,1079,376,1986,1446
1270: 386,598,1345,1191,1295
1271: 813,1891,1029,1384,585,1714
1272: 646,1332,438,289,974,984
1273: 1376,1633,1638,1681,1171,476
1274: 1543,982,1840,1390,1546
1275: 1480,1805,1387,1361,619,1162
1276: 1396,877,701,1233,795,880
1277: 743,951,1008,1352,1139,1542
1278: 1131,1715,1730,1566,1760,1524
1279: 1018,802,1033,210,1238,919
1280: 1404,946,734,1031,1188,1319
1281: 1726,1669,1153,1728,1398,1527
1282: 612,858,732,228,1245,1677
1283: 930,989,1894,1497,782,666
1284: 1365,551,1193,943,691,592
1285: 1194,684,1109,529,1490,1512
1286: 1550,1545,284,1357,1247,873
1287: 653,1121,1139,948,681,1542
1288: 1473,1612,595,1753
1289: 1400,1980,1549
1290: 1793,1076,1944,1837
1291: 1599,1386,1204,1453,1672,1377
1292: 806,1016,1499,1407,1562,1577
1293: 747,1438,1560,364,700,1210
1294: 1697,1235,1145,944,1655,1934
1295: 1345,1270,887,1021,727
1296: 655,728,1414,1101,1444,975
1297: 671,656,1209,103,988,719
1298: 1250,1082,1792,1382,1683,1956
1299: 1908,1472
1300: 206,589,1409,472,488,57
1301: 1445,1118,1558,1907,1616,1741
1302: 377,1113,328,522,1858,1685
1303: 1454,1148,1399,1980,1108,1347
1304: 646,953,438,483,1081,689
1305: 957,844,1320,1482,551,934
1306: 1181,392,1010,210,1366,369
1307: 996,394,799,926,1373,842
1308: 1978,1672,1377,1445,1118,1421
1309: 1799,1090,370,1504,1903,1664
1310: 560,1089,484,660,1141,1375
1311: 1931,1759
1312: 725,1862,105,1266,498,482
1313: 155,1643,892,1537,858,1245
1314: 1147,1720,1480,1710
1315: 1166,1476,1257,1329,1431
1316: 1624,199,1724,378,1395,355
1317: 618,1830,395,1044,415,1364
1318: 1839,1934,1002,1096,840
1319: 834,1188,1249,1434,1404,1280
1320: 957,673,1305,1116,1157,934
1321: 1255,1485,1574,1479,1079,862
1322: 132,156,151,600,544,746
1323: 1846,1252,1529,1158,1227
1324: 1037,1525,1868,1899,1817,1213
1325: 1370,545,693,959,689,1258
1326: 516,318,298,752,254,398
1327: 564,492,1644,1503,1012,332
1328: 857,604,950,827,1109,1229
1329: 1476,1315,1239,1341,379,1431
1330: 1564,1766,1465,1406,527,1688
1331: 1070,1586,1240,1823,1836,1173
1332: 646,1272,1104,974,1495,828
1333: 1789,327,1202
1334: 1636,1117,1962,1674
1335: 1953,1652,1951,1695,1659,1179
1336: 1182,1086,1494,1489,1923
1337: 1692,368,1429,920,1571,1068
1338: 1578,1059,1341,1461,296,489
1339: 871,1360,1460,596,1100,1216
1340: 1231,745,1521,1709,1679,1695
1341: 1338,1059,1239,1461,379,1329
1342: 657,456,310,628,1516,1385
1343: 1568,1115,1361,1710
1344: 1592,1555,1552,1351,1194,1490
1345: 1378,598,1270,1295,887,1832
1346: 333,1077,491,255,801,39
1347: 1921,1108,1303,1148,1632,1265
1348: 972,1350,360,1052,1146,969
1349: 546,816,853,837,942,1211
1350: 1198,972,1669,1348,1359,1146
1351: 1344,1555,1558,1907,918,950,1490
1352: 1008,1277,644,299,1805,1139
1353: 1388,841,892,991,751,1851
1354: 1169,1355,1514,1751,1202
1355: 1539,1122,1169,1514,1628,1354
1356: 1039,598,1191,463,1598,815
1357: 284,1648,1900,1780,1545,1286
1358: 643,567,1031,697,946,1854
1359: 748,1146,1198,1350,218,866
1360: 1383,1339,871,1535,1100
1361: 1343,1115,1387,1480,1275,1710
1362: 1888,1949,1563,1606,1635
1363: 1804,1689,1647
1364: 415,599,1402,618,1317,1178
1365: 1284,1101,1193,691,728,783
1366: 1588,1306,1010,369,872
1367: 1112,790,1262,1237,1219,1401
1368: 901,855,590,523,1070,373
1369: 506,789,445,249,690,615
1370: 693,248,1325,1502,479,959
1371: 1620,860,831,1128,1051,1605
1372: 497,507,626,230,267
1373: 1396,701,842,996,443,1307
1374: 313,1227,1761,705,1158,1929
1375: 1141,464,738,1099,1310,1089
1376: 1273,1180,1447,1633,1887,476
1377: 1599,1291,1672,1308,1978,756
1378: 1039,598,1345,1832,1525,1899
1379: 773,272,1053,393,420,584
1380: 1165,1203,1217,822,413,580
1381: 1645,1460,1920,1391,871
1382: 1251,1792,1298,320,1718,1683
1383: 1391,871,1535,1946,1360,1594
1384: 813,962,1271,585,933,1228
1385: 657,1342,1516,1137,1029,585
1386: 1599,1291,1401,1453,1084,1676
1387: 1550,1115,1361,1275,1162
1388: 1546,991,751,1353,1835,982
1389: 1610,929,1479,1510,1986,835
1390: 1607,1902,1274,1074,1546
1391: 1383,871,1381,1594
1392: 1498,1900,1842,1892,1554,818
1393: 1174,1533,1848,1822,1853,1717
1394: 133,1065,505,543,1043,58
1395: 429,355,462,739,1624,1316
1396: 1373,1276,701,443,880,1437
1397: 1826,974,1824,984,1665,1061
1398: 1728,1527,1487,1721,845,1281
1399: 1303,1814,1549,1428,1108
1400: 1572,1454,1289,1980,1595
1401: 1386,1453,1237,1676,1112,1367
1402: 599,185,1364,219,1178
1403: 426,535,805,792,433,628
1404: 1434,1742,946,1811,1280,1319
1405: 830,466,254,398,679,172
1406: 527,1448,1688,993,832,1330
1407: 1016,1292,1552,1850,1512,1562
1408: 49,794,876,34,81,264
1409: 206,589,956,164,1300,89
1410: 1085,1979,1879,1930
1411: 391,1703,1248,1924,1956
1412: 1673,662,1556,1619,582
1413: 1637,1241,1702,1265,1572,1454,1148
1414: 655,662,1296,1556,975,1590
1415: 69,663,1243,610,1018,1033
1416: 1888,1949,1843
1417: 497,489,1159,899,1578
1418: 440,1035,334,125,206,956
1419: 190,1833,814,71,501,56
1420: 7,1000,349,1013,244,1129
1421: 918,964,604,1308,1672,1118
1422: 1630,1684,834,1434,1861,658
1423: 1203,1450,1857,925,1579,1612
1424: 119,1268,674,583,359,1449
1425: 1214,1470,644,1713,1627,653
1426: 575,1551,939,419,1135,1883
1427: 576,724,1177,367,625,1435
1428: 1549,1918,1846,1126,1814,1399
1429: 1678,1091,960,1692,1337,920
1430: 1011,1518,1201,1752,849,588
1431: 1819,1508,379,1315,1329
1432: 1475,475,1471,464,1587,177
1433: 1951,1803,502,1185,1824,1844
1434: 1404,1811,834,1319,1422,1861
1435: 1122,1628,1427,367,877,625
1436: 136,846,904,72,280,82
1437: 844,880,443,1396,869,672
1438: 1769,747,1560,1570,1293,1765
1439: 1188,1249,1591,1210,910,747
1440: 1150,930,1895,989,1041,1001
1441: 1987,1235,879,1897,1076,1944
1442: 864,881,1494,637,1128,1859
1443: 7,931,349,122,137,1967
1444: 315,602,370,1101,1528,1296,975
1445: 1301,1118,1741,1308,1778,1223
1446: 773,1053,549,1982,1269,1079,376
1447: 1376,1180,1177,1633,367,1083
1448: 1406,958,1054,993,832
1449: 359,865,1424,583,1468,1024
1450: 1203,1423,1217,952,1612,595
1451: 1230,1455,1808,1881
1452: 490,726,764,1493,945,396
1453: 1386,1204,1291,853,1401,1112
1454: 1400,1572,1303,1148,1980,1413
1455: 1230,1534,1451,1748,1881
1456: 1739,861,1152,1254,292
1457: 1825,1003,1856,1663,1749,1547
1458: 1172,524,1075,920,1149,1678
1459: 313,705,1082,1600,1812,391
1460: 1381,1645,596,1339,871
1461: 1338,1578,1341,379,1002,1096
1462: 1768,334,347,1496,1690,357
1463: 1957,1543,1548,982,1140,1189
1464: 1160,1634,1261,1779,978
1465: 992,1564,1766,1776,1330,1711
1466: 927,1985,1740,1559,1034,1777
1467: 890,1822,1932,932,1911,1246
1468: 687,1024,405,453,865,1449
1469: 1623,1508,1839,1575,1145,729
1470: 1425,1627,1584,1709,653,1121
1471: 1127,1475,1432,1264,177,717
1472: 1694,1626,999,1299,756
1473: 1288,1579,1612,1820
1474: 1161,1756,864,1086,1825,1176
1476: 1166,1315,1023,1329,863,1239
1477: 699,605,1025,80,606,130
1478: 69,1976,1232,663,730
1479: 1389,929,1269,1079,1986,1485,1321
1480: 1314,1147,1275,1710,1361
1481: 1207,1057,835,1757,1853,1717
1482: 1305,844,869,1517,592,551
1483: 1151,1041,1138,1563,1606,1895
1484: 1497,1219,1134,1044,395,1262
1485: 1932,1255,1321,929,1479,1533
1486: 1655,1699,879,1133,1234,915
1487: 1398,1781,1721,845,1929,906,1880
1488: 1195,429,462,611,248,1502
1489: 364,1123,1336,1182,1682,1560
1490: 1194,1109,1285,950,1344,1351
1491: 1664,1845,1743,1903
1492: 1532,601,719,428,784,797
1493: 772,1267,469,945,396,1452
1494: 1336,1182,864,1086,881,1442
1495: 1826,974,1263,552,828,1332
1496: 1462,334,357,281,1175,1035
1497: 1484,1134,782,1283,666,395
1498: 1648,1392,1900,1892
1499: 806,1938,1016,1292,665,986
1500: 1798,1555,1558,1616
1501: 1232,663,1033,1238,958
1502: 1370,248,479,459,611,1488
1503: 492,1327,1597,990,332,575
1504: 602,370,1618,1903,1885,1309
1505: 1703,1725,1761,1153,1527
1506: 1919,1230
1507: 1751,1196,1180,1513,1083,1169
1508: 1819,1623,1431,1469,1839,1002
1509: 1519,1201,1950,685,849,1165
1510: 1610,1389,806,1884,835,1757
1511: 1707,1746,1185,878,1803
1512: 1194,1285,529,1552,1407,1183,1562
1513: 1887,1943,1180,1196,1507
1514: 1539,1355,1354,1641,1520,1202
1515: 1878,1072,1093,568,494,1119
1516: 456,1342,1385,928,1137,938
1517: 869,517,600,1482,592
1518: 1011,1430,1852,1621
1519: 1011,1201,1509,1165,1217,952
1520: 1105,1641,1106,1760,1539,1514
1521: 1231,470,1340,1709,1121,948
1522: 1657,1911,1920
1523: 1861,1662,1820,1857,1811,1579
1524: 1614,1885,1566,1278,1730,1618
1525: 1324,1899,1654,1213,1378,1039
1526: 612,858,781,155,1582,843
1527: 1398,845,1505,1761,1153,1281
1528: 1101,1193,1157,934,315,1444
1529: 1323,1158,1814,906,1156
1530: 307,1125,187,109,931,897
1531: 921,1215,716,1779,978
1532: 874,601,1492,428,478,1828,581
1533: 1822,1393,1853,929,1932,1485
1534: 1230,1966,1455,1711,1810,1766
1535: 1383,1946,1360,1801,1889,1693
1536: 1127,531,521,335,803,1786
1537: 1687,1763,892,751,1313,1245
1538: 671,630,1209,809,1729,1598
1539: 1355,1514,1628,1233,1106,1520
1540: 1665,1032,1140,883,1061
1541: 150,139,474,122,152,1603
1542: 1139,1287,681,951,1277,541
1543: 1274,997,1548,982,1463
1544: 1745,1971,1114
1545: 1780,1550,1568,1115,1286,1357
1546: 1388,991,1390,1274,982,1074
1547: 1457,1856,1663
1548: 1543,997,1463,949,1942,1189
1549: 1918,1428,1289,1399
1550: 1115,1545,1387,1286,1247
1551: 1163,419,1426,1135,811,713
1552: 1592,1344,1850,1194,1512,1407
1553: 1247,1162,907,1091,1071
1554: 1842,1392,818,1251
1555: 1592,1344,1798,1351,1500,1558
1556: 1590,662,1414,1412,1731
1557: 1846,1126,1252,1952,1696
1558: 1301,1907,1616,1555,1351,1500
1559: 1700,1034,1466,894,1777
1560: 1769,1438,1293,364,1489,1682
1561: 1011,952,595,1753,1621
1562: 898,1183,1577,1512,1292,1407
1563: 1151,1483,1647,1606,1362
1564: 1776,1465,1330,588,1688,1752
1565: 528,436,198,801,144,1947
1566: 909,1760,1278,1618,1524
1567: 1117,1069
1568: 1343,1780,1115,1545
1569: 1164,1975
1570: 747,1438,1765,1591,807,1735
1571: 1068,825,343,320,368,1337
1572: 1400,1454,1595,1413,1702,1961
1573: 1003,1856,1869,1886,1871
1574: 659,1255,1321,1609,1192,862
1575: 1697,1145,1469,987,729,1067
1576: 245,1190,1208,637,1167,831
1577: 898,1562,1884,806,1292
1578: 1338,1461,489,1417,1159,1096
1579: 1473,1612,1857,1423,1523,1820
1580: 144,651,235,1947,250,1608
1581: 1066,1197,938,722,634,791
1582: 155,1215,716,1526,652,843
1583: 201,181,1737,99,452,436
1584: 1650,1709,1679,1773,1470,1627
1585: 591,1144,455,1125,406
1586: 1331,1070,373,636,1865,1823
1587: 643,177,1432,464,647,1099
1588: 753,413,580,1646,1366,1010
1589: 961,1244,962,534,1625,848
1590: 1090,1556,975,1668,1414,1731
1591: 1604,1249,1439,747,1570,1735
1592: 1344,1798,1555,1552,1666,1850
1593: 937,1600,1026,1250,1969
1594: 1783,1391,1383,1946
1595: 1860,1400,1572
1596: 1621,1970,1753
1597: 524,1149,1939,492,1503,575
1598: 809,815,671,1538,1356,463
1599: 1386,1291,1377,999,1084,756
1600: 1593,937,1812,1250,1082,1459
1601: 552,1231,470,828,1236,1143
1602: 988,874,601,386,1191,463
1603: 150,474,1541,294,468
1604: 834,1249,1591,1735,1630
1605: 669,891,1698,1620,1371,1051
1606: 1563,1483,1362,1635,1150,1895
1607: 1390,1902,1701,1038,1797,1074
1608: 250,935,1580,1947,26,675
1609: 722,1192,584,862,922,1574
1610: 1389,1269,376,1510,1986,1154,1884
1611: 1901,849,1984,1688,1752
1612: 1473,1288,1579,595,1423,1450
1613: 1038,723,1074,383,841,991
1614: 1524,1743,1885,1730
1615: 76,381,624,446,20
1616: 1301,1558,1741,1500
1617: 554,1796,247,188,1022,314
1618: 602,882,1504,1566,909,1524,1885
1619: 711,973,582,895,1412,1673
1620: 1371,1128,1605,891,881,970
1621: 1596,1852,1970,1518,1561
1622: 616,569,902,741,466,810
1623: 1819,1829,1469,1508,729,1649
1624: 199,332,1316,739,1644,1395
1625: 1977,1259,848,813,962,1589
1626: 1694,1017,1472
1627: 1214,1425,1470,1827,1584,1773
1628: 1539,1122,1355,1233,1435,877
1629: 1656,1959,1686
1630: 1422,1684,1716,1604,834
1631: 1793,1076,1774,1800
1632: 809,512,1921,1347,1940,1265
1633: 786,1273,1376,1177,1447,1171
1634: 1160,1830,666,1464,1894,1261
1635: 927,1712,1362,1949,1606,1150
1636: 1841,1744,1334
1637: 1817,1413,1213,1241,1702,1755
1638: 1037,1681,787,1875,1273,476
1639: 1931,1759,1917,510,1840
1640: 1842,1892
1641: 1760,1520,1514,1202,1715
1642: 1819,1829,1257,1809,1896
1643: 155,1313,921,1215,1851,892
1644: 1327,1012,416,739,1624,332
1645: 1381,1246,1460,1226,1920
1646: 753,1588,1264,1010,717
1647: 1151,1563,1363,1804,1948
1648: 1498,1357,1900,1780
1649: 1784,729,1623,1829,1686,1656
1650: 1584,1914,1679,1773,1659
1651: 1667,807,1735,1716
1652: 1335,1953,878,1914,1659
1653: 1691,1889,1693
1654: 512,815,1213,1241,1039,1525
1655: 879,1133,1486,944,1294,1235
1656: 1629,1784,1649,1686
1657: 1522,1911,890
1658: 1815,1762,1817,1755,1868
1659: 1650,1914,1679,1695,1335,1652
1660: 1151,1138,1015,1804,1222,1797
1661: 318,298,390,1254,96,98
1662: 1861,658,1523,1820
1663: 1457,1749,1547,1971
1664: 1491,1845,1903,1799,1309
1665: 1540,1032,1061,1397,984,173
1666: 1592,1798,1850,1670
1667: 807,1651,1945
1668: 1799,1090,1590,1834,1155,1731
1669: 1198,972,1726,1153,1350,1281
1670: 1016,665,1666,1850
1671: 1066,1197,779,1200,596
1672: 1204,1291,1377,1308,1421,964
1673: 1048,895,1412,1619
1674: 1042,1764,900,1744,1334
1675: 1084,1775,1700,1694,999
1676: 1237,1084,1700,1386,1401
1677: 1687,555,632,1282,732,1245
1678: 1429,907,1091,1458,1075,920
1679: 1650,1584,1709,1695,1659,1340
1680: 1164,1876,1838,1963
1681: 1832,1037,1638,1899,1171,1273
1682: 1923,966,1489,1769,1560
1683: 1924,1956,320,1382,1298
1684: 1422,1630,1716,658
1685: 1302,1113,328,335,755,1786
1686: 1896,1829,1649,1656,1629
1687: 555,1677,785,1763,1537,1245
1688: 1406,832,1611,1752,1564,1330
1689: 1363,1948
1690: 1462,1768,334,125,150
1691: 1653,1693
1692: 960,896,873,368,1337,1429
1693: 1691,1653,1889,1535,1946
1694: 1017,1626,999,1472,1675
1695: 1679,1659,1335,1179,745,1340
1696: 1952,1958,1557,1126,1936
1697: 1874,1987,1575,1294,1235,1145,1067
1698: 669,1605,243,538,526,1051
1699: 1133,1234,1486,905,901,590
1700: 1676,1775,1675,1559,1034
1701: 893,1607,1902,1855,1015,1797
1702: 1413,1637,1755,1572,1961
1703: 1505,391,1248,1411,1725
1704: 184,1747,65,302,110,447
1705: 1059,1239,730,1232,1054,863
1706: 802,824,1113,1199,755,392
1707: 985,1746,1732,1185,1511
1708: 140,1056,351,355,378
1709: 1584,1679,1470,1521,1340,1121
1710: 1314,1480,1343,1361
1711: 1919,1230,1534,992,1766,1465
1712: 1635,1843,1981,1985,1949
1713: 1214,1425,644,1882,1147,1720,299
1714: 670,1877,1891,1029,1271
1715: 327,1131,1278,1202,1641,1760
1716: 1630,1684,1651
1717: 1207,1481,1853,1174,1393
1718: 320,896,368,1251,1382
1719: 1046,1898
1720: 1314,1147,1713,1882
1721: 1728,1398,1487,1781,630,856
1722: 1879,1981,1985,1979,1034
1723: 1795,992,1972
1724: 309,1905,199,1316,378,1256
1725: 1505,1703,1248,1052,972,1153
1726: 1198,1669,1281,1728,967,603
1727: 1110,1117,968,1962,1107
1728: 1398,1721,1726,1281,856,603
1729: 809,1781,1940,630,1538
1730: 1131,1278,1524,1614
1731: 800,1155,1556,1590,1668
1732: 985,1707,502,1260,883
1733: 1923,1114,966,1749,1176
1734: 1852,1970,1916
1735: 807,1651,1570,1604,1591
1736: 538,526,500,514,518,131
1737: 255,201,1583,436,801
1738: 1790,1871,838,1006,1869
1739: 1027,821,1456,302,292
1740: 1150,930,1466,1777,782
1741: 1301,1445,1616,1778
1742: 1857,925,1404,946,1854,1811
1743: 1614,1903,1885,1491
1744: 1636,1841,1042,1674,1909,1870
1745: 1544,1750,1831,1945
1746: 1707,1511
1747: 184,409,1704,126,110,638
1748: 1966,1455,1257,1809,1881
1749: 1114,1733,1825,1457,1663,1971
1750: 1114,966,1769,1765,1745,1831
1751: 1196,1507,1789,1169,1354
1752: 1430,1611,849,1688,1564,588
1753: 1288,595,1561,1596
1754: 1100,778,670,1801,1954
1755: 1817,1637,1702,1815,1658
1756: 1782,1161,1474,817,1859,864
1757: 1057,1481,835,986,806,1510
1758: 1887,1943,476,1875
1759: 1311,1931,1639,510,893
1760: 1566,1105,909,1641,1520,1278,1715
1761: 705,1374,1505,1527,845,1929
1762: 1815,1658
1763: 1687,995,785,1537,751,1835
1764: 1042,1674,1102,1813,900,1220
1765: 1769,1438,1570,1750,1831,807
1766: 1465,1330,527,1810,1534,1711
1767: 1062,1910,1048,1876,895
1768: 1462,347,1690,1130,676
1769: 1438,1560,1765,966,1750,1682
1770: 28,384,434,146,123
1771: 754,674,554,96,390,92
1772: 777,1253,1782,1102,1006,1813
1773: 1650,1584,1627,1827
1774: 1849,1800,1983,1631
1775: 1700,1675,1034,1879,1930
1776: 992,1564,1794,1465,1972,588
1777: 894,1134,782,1466,1740,1559
1778: 1223,1908,1445,1741
1779: 742,1261,706,921,1531,1464
1780: 1568,1545,1357,1648
1781: 1487,1721,1880,1940,630,1729
1782: 777,1253,1161,817,1756,1772
1783: 1594
1784: 987,729,1867,1649,1656
1785: 1808,1821,1809,1896,1881
1786: 803,755,1181,335,1685,1536
1787: 539,92,424,752,318,390
1788: 133,465,1935,543,225,434
1789: 1333,1751,1196
1790: 1806,1738,1866,1871
1791: 1845,1834,1975
1792: 971,1250,1969,1251,1382,1298
1793: 1076,1631,1290
1794: 1776,1972,588,1852,1916
1795: 1916,1723
1796: 1617,247,1893,1968,1022,1913
1797: 1222,1038,1015,1607,1701,1660
1798: 1592,1555,1666,1500
1799: 1090,1668,1309,1664,1834
1800: 1849,776,1897,1774,1076,1631
1801: 1754,1100,1535,1889,1847,1954
1802: 526,500,954,736,243,460
1803: 1953,1433,878,1951,1185,1511
1804: 1363,1015,1151,1647,1660
1805: 1147,299,1275,619,1008,1352
1806: 1790,1871,1886
1807: 197,1144,393,385,272,336
1808: 1821,1785,1881,1451
1809: 1785,1896,1881,1257,1642,1748
1810: 1166,1023,527,1766,1966,1534
1811: 1434,1857,1404,1742,1861,1523
1812: 937,1600,698,313,1459
1813: 1102,1764,1220,771,777,1772
1814: 1846,1529,1428,1108,1156,1399
1815: 924,1658,1762,1755
1816: 1931,1917,1898
1817: 1637,1213,1755,1658,1324,1868
1818: 572,707,829,696,1240,1047
1819: 1623,1431,1642,1829,1508
1820: 1662,1523,1473,1579
1821: 1959,1808,1785
1822: 890,1533,1848,1393,1467,1932
1823: 1331,1586,1865,1240,696,405
1824: 1397,1826,1844,502,1433,1061
1825: 1457,1003,1474,1749,1176
1826: 1397,974,1263,1495,1824,1844
1827: 1214,1627,1773
1828: 361,486,478,581,1532
1829: 1819,1623,1642,1649,1896,1686
1830: 618,1160,1317,1634,666,395
1831: 807,1945,1750,1765,1745
1832: 1681,1899,1171,1378,1345,887
1833: 1419,814,71,836,181
1834: 1791,1845,1799,1668,1155,1975
1835: 1388,751,1957,982,995,1763
1836: 1047,973,582,1173,1331,1240
1837: 1290,1944,1874,1067
1838: 1960,1963,1680
1839: 1318,1934,1002,1145,1469,1508
1840: 510,1639,1274,997
1841: 1636,1744,1870,1904
1842: 1640,1554,1392,971
1843: 1712,1981,1416,1949,1925
1844: 1826,1263,1824,1179,1433,1951
1845: 1664,1791,1491,1834
1846: 1557,1323,1126,1814,1428
1847: 1110,1069,1954,1801,1889
1848: 890,1174,1822,1393
1849: 776,1774,1800,1062,1910
1850: 1592,1552,1666,1016,1407,1670
1851: 1643,921,841,892,1353,742
1852: 1734,1621,1970,1518,1794,1916
1853: 1481,835,1717,929,1533,1393
1854: 925,1742,946,1358,697,822
1855: 1015,893,1701
1856: 1573,1457,1886,1547
1857: 925,1742,1811,1423,1523,1579
1858: 377,1302,328,839,1094
1859: 817,1756,1208,637,864,1442
1860: 1595,924,1961
1861: 658,1662,1523,1434,1811,1422
1862: 461,1312,683,725,482
1863: 1904
1864: 614,635,1912,168,336,385
1865: 1586,636,1823,405,453,352
1866: 1790,1909,1870
1867: 987,1784
1868: 1324,1037,1817,1658,787
1869: 1573,1006,1253,1738,1871
1870: 1904,1841,1744,1909,1866
1871: 1790,1806,1738,1573,1869,1886
1872: 614,635,769,577,760,549
1873: 928,779,1137,778,1877,1216
1874: 1987,1697,1944,1837,1067
1875: 787,1638,1758,476
1876: 1048,1680,1910,1767,1963
1877: 778,1714,1873,1137,1029
1878: 1072,1093,441,1515,967
1879: 1722,1410,1979,1930,1775,1034
1880: 906,1921,1156,1940,1487,1781
1881: 1808,1785,1809,1455,1451,1748
1882: 1214,1713,1720
1883: 309,1905,990,575,939,1426
1884: 1154,898,1577,806,1610,1510
1885: 1524,1743,1614,1903,1504,1618
1886: 1573,1856,1806,1871
1887: 1758,1513,1943,476,1376,1180
1888: 1416,1362,1948,1949
1889: 1653,1693,1535,1801,1847
1890: 560,484,1974,736,174,460
1891: 813,1271,1714,670,968,1259
1892: 1640,1498,1392
1893: 1796,98,247,1968,571
1894: 1098,1261,1283,989,1634,666
1895: 1150,1440,1041,1483,1606
1896: 1785,1809,1686,1642,1829
1897: 776,1800,879,915,1441,1076
1898: 1719,949,1046,1917,1816
1899: 1832,1324,1037,1525,1681,1378
1900: 284,1498,1357,1648,1392
1901: 685,1611,886,540,849,1984
1902: 510,1390,893,1607,1701
1903: 1743,1885,1504,1309,1664,1491
1904: 1870,1841,1863
1905: 309,990,199,1724,1883
1906: 288,307,128,1055,204
1907: 1301,1118,1558,918,1351
1908: 1299,1778,1223
1909: 1042,838,1744,1870,1866
1910: 1849,1767,1876,1963,1983
1911: 1657,1522,890,1467,1246,1920
1912: 168,209,511,1973,1864,385
1913: 935,1022,412,26,477,1796
1914: 1650,1659,1652
1915: 136,804,148,1928,350
1916: 1795,1794,1972,1734,1852
1917: 949,1898,1816,1639,997
1918: 1549,1936,1428,1126
1919: 1230,1711,992,1506
1920: 1381,1645,1246,1522,1911
1921: 1108,1347,1880,1156,1940,1632
1922: 1046,985
1923: 966,1733,1682,1176,1336,1086
1924: 1014,1248,1683,1411,825
1925: 1085,1979,1843,1981
1926: 937,1964
1927: 1028,977,926,727,558
1928: 136,1915,804,195,82
1929: 1487,845,1761,1374,1158,906
1930: 1017,1410,1879,1775
1931: 1311,1816,1759,1639
1932: 1255,932,1485,1533,1822,1467
1933: 1234,915,711,895,776,1062
1934: 1318,1839,840,944,1294,1145
1935: 465,1788,225,409,638
1936: 1918,1696,1126
1937: 190,814,566,1009,793,12
1938: 1499,665,1057,986
1939: 645,1597,1149,575,1135
1940: 1921,1880,1781,809,1729,1632
1941: 403,424,752,398,679,231
1942: 949,1046,1260,1548
1943: 1758,1513,1887
1944: 1076,1290,1837,1874,1987,1441
1945: 1831,1667,807,1745
1946: 1383,1535,1594,1693
1947: 144,1580,1565,198,1608
1948: 1888,1689,1647
1949: 1416,1362,1888,1712,1635,1843
1950: 413,685,872,1165,1509
1951: 1335,1953,1433,1803,1844,1179
1952: 1958,1696,1557
1953: 1335,1652,878,1951,1803
1954: 1110,1847,1754,670,1801
1955: 843,1212,203,1095,781
1956: 391,1683,1411,1082,1298
1957: 982,1463,1140,1835,995
1958: 1952,1696
1959: 1821,1629
1960: 1838,1983
1961: 924,1572,1860,1702
1962: 1117,1727,900,1107,1334
1963: 1838,1983,1876,1680,1910
1964: 1926,698
1965: 976,393,1087,420,1040
1966: 1534,1748,1166,1257,1810
1967: 325,187,137,1973,1443,931
1968: 1796,1893,571,477,1063
1969: 971,1250,1792,1593,1026
1970: 1596,1734,1852,1621
1971: 1544,1663,1114,1749
1972: 992,1794,1776,1916,1723
1973: 1912,209,511,325,187,1967
1974: 560,823,1890,382,174
1975: 1164,1569,1791,1834,1155
1976: 69,1478,1088,875,763
1977: 900,1220,1625,1107,1259,848
1978: 1308,756,1223,1377
1979: 1410,1085,1925,1879,1722,1981
1980: 1400,1303,1454,1289
1981: 1712,1722,1843,1985,1925,1979
1982: 773,1446,336,549,614
1983: 1960,1963,1774,1910
1984: 1611,886,1901,958,832
1985: 927,1712,1722,1466,1981
1986: 1610,1389,1269,1479
1987: 1874,1441,1697,1235,1944