0: 192,6,145,167,179,185
223: 13
2: 164,78,236,73,4
3: 209,107,229
4: 89,55,2,181
199: 70,10,109
6: 192,0,145
7: 57,218,176,78
8: 23,208,37,21
158: 233,217,210
10: 161,230,109,70,199
167: 53,145,57,164,0,179
12: 
13: 223,110
213: 
15: 235,94,39
16: 
17: 185,192,224,41
18: 39,218,176,189,227
235: 186,207,15
210: 158,188,44
21: 37,216,58,8
22: 231,226,220
23: 110,8,208,54
164: 2,95,78,236,57,167
219: 195,216
26: 
181: 208,4,37,73
236: 164,2,95,73
230: 43,10,109,197
30: 186
209: 226,3,179,107,185,156,229
175: 
232: 161,198
193: 
35: 
36: 237
37: 21,142,181,8
38: 
39: 18,15,233,217,227
150: 104
41: 224,17
192: 0,6,224,17,185
43: 230
44: 188,210
151: 144
195: 80,219,216,214
234: 149
176: 18,218,7
188: 210,44
225: 238,206
53: 145,57,86,167
54: 23,208,183,228
55: 89,118,204,4
217: 68,233,221,158,39
57: 53,7,167,164,78
58: 21
197: 230,109,86
60: 
61: 
62: 
229: 209,3,179,107,95,183
200: 
206: 178,225
211: 
67: 
68: 233,217
69: 110
70: 161,10,199
201: 104
233: 68,217,158,207,39
73: 2,236,183,181,208
238: 225
75: 87,224,138
189: 18
186: 30,207,235
78: 164,2,218,7,57
237: 81,36
80: 195
81: 237
161: 10,232,70
216: 214,21,195,219
179: 209,185,229,167,95,0
228: 231,54,107
86: 53,145,109,197
87: 75
154: 
89: 227,55,4
203: 
224: 192,75,41,17,138
171: 
178: 206
94: 104,15
95: 164,236,179,229
215: 
97: 
98: 196
185: 17,209,179,192,0
101: 
102: 
103: 
104: 201,150,94
198: 232
106: 
107: 209,3,229,183,231,228
108: 184
109: 230,10,197,86,199
110: 23,13,69
231: 22,228,226,107,156
112: 
113: 124
204: 55
218: 18,176,7,78
226: 209,156,22,231,220
117: 221
118: 55,221,122
155: 
165: 
121: 
122: 142,118
123: 187
124: 149,113,184
157: 
221: 117,217,118
227: 89,39,18
207: 186,235,233
208: 181,23,8,54,183,73
205: 
152: 
132: 
173: 
212: 
184: 220,108,144,149,124
160: 
187: 123
138: 75,224
196: 222,98
222: 196
183: 73,208,54,107,229
142: 37,122
156: 226,209,231
144: 220,151,184
145: 53,86,167,0,6
220: 144,184,226,22
147: 
214: 216,195
149: 124,234,184