0: 3,4,9,75,23,76
1: 118,6,10,100,117
90: 106,132,39,30,52,19
3: 0,9,29,23,33,46
4: 0,24,9,75,84,55
5: 94,22,88,32,24
6: 1,100,12,56
7: 72,109,89
8: 105,94,75,20,76
9: 0,3,4,84,86,29
10: 1,118,41,113,45
64: 42,65,110,46,33,38
12: 6,121,113,91,78
13: 93,48
14: 131,61,77,124
15: 109,82,128
16: 72,82,34,81,22
17: 44,63,57,81,32,54
18: 103,114,87,85
19: 27,112,83,39,106,90
20: 115,95,8,47,76
21: 135,41,36,45
22: 5,49,94,81,32,16
23: 28,33,47,76,0,3
24: 4,75,55,88,5
25: 102,120,125
26: 92,106,119,132
27: 19,86,29,60,112,83
28: 23,33,47,38,123,116
29: 86,27,60,3,9,46
30: 71,85,39,114,52,90
31: 135,127,79,108
32: 17,63,88,81,5,22
33: 23,28,38,3,64,46
34: 102,89,54,81,72,16
35: 67,70,77
36: 41,53,80,21
37: 71,43,85,78,87,129
38: 28,33,116,64,110,126
39: 99,71,30,19,112,90
40: 61,95,123,133
41: 53,36,113,21,45,10
42: 64,65,46,107,60
43: 99,71,37,78,56
44: 17,45,63,57,108,118
45: 44,108,135,21,41,118,10
46: 42,64,3,29,60,33
47: 23,28,123,76,20
48: 13,93,91,111,104,121
49: 105,94,22,59
52: 114,30,90,132
53: 104,41,80,121,36,113
54: 102,34,120,17,57,81
55: 24,4,84,100,117
56: 6,100,99,43,66
57: 17,44,108,79,120,54
58: 68,133
59: 49,105,128,67
60: 29,27,83,42,46,107
61: 40,70,77,95,14
99: 71,43,39,56,66,112
63: 17,44,88,32,118
65: 42,64,110,101
66: 86,112,56,99,84
67: 115,70,105,59,35
68: 69,58,126,133,116
69: 68,126,134,73
70: 67,115,61,77,95,35
71: 99,43,37,85,39,30
72: 16,7,109,82,89,34
73: 101,110,69,126
74: 97,127
75: 0,24,4,8,94,76
76: 23,47,8,0,75,20
77: 61,70,35,124,14
78: 43,37,91,129,12
79: 97,31,120,57
80: 104,53,36,130
81: 17,32,34,54,16,22
82: 15,72,16,109,128
83: 19,27,60,98,106,107
84: 4,9,55,100,66,86
85: 71,37,30,87,114,18
86: 66,29,27,112,9,84
87: 129,37,85,18
88: 63,32,117,5,24
89: 102,34,122,72,7
91: 93,48,129,121,12,78
92: 26,98,106,119
93: 13,48,91,129
94: 5,8,49,105,22,75
95: 40,20,115,61,70
96: 98,107
97: 74,79,125
98: 92,106,83,107,96
100: 1,6,117,56,84,55
101: 73,65,110
102: 25,89,34,120,122,54
103: 114,18
104: 53,80,121,130,48
105: 8,49,94,59,67,115
106: 92,26,98,90,19,83
107: 42,60,83,98,96
108: 45,44,57,135,31
109: 15,72,7,82
110: 64,65,38,126,73,101
111: 130,48
112: 66,19,86,27,99,39
113: 41,53,121,10,12
114: 103,52,18,85,30
115: 67,20,70,95,105
116: 28,38,123,68,126,133
117: 1,118,100,88,55
118: 1,10,117,45,44,63
119: 92,26
120: 25,102,54,79,57
121: 104,53,113,48,91,12
122: 102,89
123: 28,47,116,40,133
124: 77,14,131
125: 97,25
126: 69,68,38,116,110,73
127: 31,74
128: 15,82,59
129: 93,87,91,37,78
130: 111,104,80
131: 14,124
132: 26,90,52
133: 68,58,40,123,116
134: 69
135: 31,21,45,108