0: 2,3,9,75,23,76
1: 6,10,55,45,63
2: 0,9
3: 0,9,29,23,33,46
4: 9,75,24,84,62,55
5: 8,49,32,22,88,75,24
6: 1,56,10,55,12,84
7: 89,72
8: 5,49,75,67,76
9: 0,2,3,4,86
10: 1,6,12,45,41,53
64: 42,65,73,46,33,38
12: 56,6,10,53,43,78
13: 48,37,78
14: 61,77
15: 82,59
16: 82,22,34,81,72
17: 54,44,63,81,32
18: 87
19: 27,39,83,30,26
20: 67,40,70,47,76
21: 36,44,57,45
22: 5,49,82,32,16,81
23: 28,33,47,76,0,3
24: 4,75,88,55,5
25: 89,34,54,79
26: 19,83
27: 19,86,29,39,83
28: 23,33,47,38,58,68
29: 86,27,60,3,46
30: 71,52,19,39
31: 74,57,79
32: 5,22,17,63,81,88
33: 23,28,38,3,64,46
34: 25,89,54,81,72,16
35: 70,77,59
36: 21,41,45
37: 87,43,78,85,13
38: 28,33,68,64,73,69
39: 66,19,27,71,30
40: 20,61,70,58
41: 53,36,10,45
42: 64,65,46,60
43: 71,37,78,56,12
44: 17,63,57,21,45
45: 1,10,36,21,41,44
46: 42,64,3,29,60,33
47: 23,28,58,76,20
48: 53,80,13
49: 5,8,82,22,59,67
52: 71,30,85
53: 48,41,10,12,78
54: 17,57,79,25,34
55: 1,6,63,88,4,24,84,62
56: 6,12,43,84,66
57: 54,44,79,31,21
58: 28,47,68,40
59: 49,82,15,67,35,70
60: 29,83,42,46
61: 40,70,77,14
62: 4,84,55
63: 17,44,88,1,55,32
65: 42,64,73
66: 86,39,56,84
67: 20,70,8,49,59
68: 28,38,58,69
69: 38,68,73
70: 67,40,20,35,61,59
71: 43,52,30,85,39
72: 7,89,34,16
73: 64,65,38,69
74: 31
75: 0,4,24,5,8,76
76: 23,47,8,0,75,20
77: 35,61,14
78: 43,37,53,13,12
79: 54,57,31,25
80: 48
81: 17,34,32,22,16
82: 49,22,59,16,15
83: 19,27,60,26
84: 4,62,56,6,55,66
85: 87,71,37,52
86: 66,29,27,9
87: 37,85,18
88: 63,55,5,32,24
89: 25,7,34,72