447: 704,1186,1704,1027,302,110
2068: 602,882,1618,1566,909
90: 83,211,372,224,283,19
313: 705,1374,1812,1459,698,1227
241: 712,557,124,641,702,217
5: 1064,422,371,94,55,338
6: 78,100,261,66,329
7: 1443,349,1420,122,152,1013
8: 381,624,912,1019,498,482
9: 24,404,84,338,287,23
10: 337,160,410,113,171,118
64: 42,317,340,402,246,259
12: 160,113,53,566,190,1937
13: 363,621,1224,249,93,303
14: 258,165,153,77,233,61
15: 688,703,668,406,288,455
16: 264,1205,1129,589,164,34
17: 276,44,157,32,63,226
18: 229,414,617,774,380,114
19: 283,356,149,83,623,90
20: 812,2025,297,1615,2027,442
21: 257,530,389,358,41,423
22: 276,32,94,232,319,532
23: 33,913,9,404,287,981
24: 854,55,9,84,338,388
25: 940,1130,676,955,917,227
26: 412,675,998,935,1913,1608
27: 278,283,192,149,780,112
28: 384,225,354,38,259
29: 220,33,86,287,46,768
30: 692,642,242,277,520,620
31: 176,721,263,182,237,345
32: 17,276,22,371,63,94
33: 23,220,212,913,29,287
34: 589,472,81,264,16,1408
35: 557,124,608,258,77,216
36: 622,530,389,421,650,324
37: 255,207,201,648,766,491
38: 409,246,259,28,225,1935
39: 144,651,85,801,333,1346
40: 323,326,458,260,346,167
41: 358,45,21,389,410,547
42: 885,340,64,485,402,266
43: 207,766,166,308,836,286
44: 17,276,108,226,300,143
45: 358,41,108,226,410,171
46: 735,317,768,340,220,29
47: 812,297,1073,95,256,573
48: 435,221,121,91,344
49: 794,138,1408,105,876,1266
52: 333,304,936,1058,85,519
53: 566,104,324,12,547,113
54: 102,79,319,450,143,240
55: 24,338,371,388,88,5
56: 1419,71,501,78,66,649
57: 102,79,488,120,1300,472
58: 346,141,1043,1394,1065,570
59: 196,145,162,683,195,804
60: 278,356,149,735,768
61: 77,233,14,293,179,70
99: 649,290,71,181,1583,452
63: 17,157,371,32,186,88
65: 184,402,1704,266,1456,302
66: 154,329,649,56,6,78
67: 557,702,608,312,561,733
68: 200,215,570,903,116,1065
69: 1976,1478,663,610,875,1415
70: 77,61,179,216,765,183
71: 1419,1833,56,181,649,99
72: 904,244,1205,2122,1436,846
73: 639,493,126,110,1186,820
74: 559,536,503,819,565,127
203: 847,1095,1955,473,677
76: 981,1615,381,2058,274,913
77: 258,14,61,70,216,35
78: 6,337,501,56,66
79: 54,102,57,240,331,120
80: 605,1477,411,130,622,421
81: 102,450,34,472,1408,876
82: 683,725,1862,195,1928,2097
83: 623,90,675,998,224,19
84: 854,24,86,9,287,780
85: 39,1080,651,52,333,519
86: 84,287,278,780,29,768
87: 1077,767,491,275,282,648
88: 388,261,186,371,63,55
89: 139,152,1013,956,164,1409
91: 121,407,48,362,344,308
92: 539,359,1787,674,2080,390
93: 253,303,362,344,363,13
94: 22,371,32,532,5,422
95: 115,765,812,47,179,573
96: 1771,247,1893,1968,2107,1661
97: 176,263,238,473,536,503
98: 298,1661,1152,1893,1254,292
100: 388,6,261,329,854,192
101: 2089,2056,1078,1187,1060,1111
102: 54,79,57,450,81,472
103: 656,1297,1072,441,719,797
104: 650,53,566,850,324,2013
105: 49,138,1266,236,498,1312
106: 623,412,998,477,1063,833
107: 265,571,485,1063,1152,861
108: 358,365,45,226,300,44
109: 1530,307,1906,204,1000,931
110: 126,73,1747,1704,1186,447
111: 1256,435,330,221,309,205
112: 211,154,329,283,192,27
113: 10,12,160,410,547,53
114: 1058,380,774,18,304,767
115: 765,145,442,95,162,812
116: 133,1065,2044,68,903
204: 1906,109,2122,1055,846
118: 186,10,337,171,157
119: 234,754,544,674,1424,1268
120: 627,331,269,488,79,57
121: 762,91,2074,457,48,221
122: 474,152,1541,137,7,1443
123: 2025,297,1073,446,1770,146
124: 35,241,557,641,449,258
125: 334,1690,1418,150,139,956
126: 639,73,180,110,638,1747
127: 605,565,411,74,503,175
128: 288,1906,1055,148,688,366
129: 166,253,161,282,207,648
130: 1477,80,223,980,606,622
131: 661,726,471,538,514,1736
132: 178,397,156,1322,430,151
133: 116,1788,1394,543,1065,2044
134: 1475,475,531,437,521,823
135: 963,693,248,1195,731,1025
136: 1055,1915,1436,148,1928,846
137: 408,474,122,325,353,1443
138: 49,105,876,232,236,532
139: 89,150,152,1541,125,956
140: 285,400,1056,980,1708,378
141: 346,268,1043,316,167,58
142: 789,322,1163,923,270,1224
143: 54,319,240,300,276,44
144: 39,651,1580,1947,801,1565
145: 115,196,765,183,59,162
146: 1770,434,123,1073,505,543
147: 1103,178,156,188,234,314
148: 1055,136,1915,128,350,366
149: 278,283,356,27,60,19
150: 139,1541,1603,1690,125
151: 517,710,600,132,1322,430
152: 89,139,122,1541,1013,7
153: 258,165,14,449,514,518
154: 211,112,66,329,649,290
155: 1582,1643,1313,1215,858,1526
156: 178,132,147,1322,234,544
157: 17,63,226,171,118,186
158: 513,1242,682,163,306,239
159: 1004,1184,448,955,578,222
160: 10,12,337,113,501,190
161: 129,253,303,252,282,615
162: 115,145,59,442,461,683
163: 158,1199,682,306,522,508
164: 589,1409,89,1013,16,1129
165: 153,233,14,867,170,518
166: 129,253,362,308,207,43
167: 346,141,316,867,40,458
168: 629,1912,511,635,432,1864
169: 594,627,331,375,427,345
170: 954,500,518,165,867,458
171: 10,410,45,226,157,118
172: 679,737,1405,466,267,810
173: 555,785,1665,1032,289,984
174: 323,382,326,736,1890,1974
175: 263,237,503,127,411,202
176: 97,31,263,182,238,694
177: 643,567,1587,717,1432,1471
178: 1103,397,401,132,147,156
179: 61,293,70,765,95,573
180: 639,839,126,465,2044
181: 201,766,1583,1833,71,836,99
182: 176,31,345,694,556,375
183: 196,765,145,718,70,216
184: 1747,409,402,246,1704,65
185: 715,599,1402,227,1170,219
186: 118,261,88,157,63
187: 1973,209,1967,931,1530,1125
188: 1022,947,1103,147,1617,314
189: 1005,889,758,281,193,357
190: 1419,814,1937,12,160,501
191: 1004,816,537,942,940,955
192: 27,780,100,112,329,854
193: 889,189,281,348,916,262
194: 569,610,875,902,513,1242
195: 82,683,1915,1928,804,59
196: 145,183,59,374,804,718
197: 897,385,1144,1807,336
198: 528,1565,224,1947,675,1608
199: 1624,1905,990,1316,1724,332
200: 215,431,301,68,570,260
201: 255,37,181,766,1737,1583
202: 257,530,421,411,175,237
205: 515,1221,309,939,111
206: 956,1300,1409,440,1418,488
207: 37,648,766,43,166,129
208: 374,312,350,366,561,251
209: 1912,1973,187,897,385
210: 1279,802,392,1306,369,2065
211: 154,112,290,372,283,90
212: 220,33,274,354,913,384
213: 416,541,775,759,859,607
214: 720,996,394,444,1007,620
215: 200,563,431,1094,68,903
216: 77,70,718,183,35,608
217: 535,562,499,712,241,702
218: 445,740,322,748,1359,866
219: 1005,1178,758,185,1402,1170
220: 33,212,354,29,317,46
221: 457,48,435,330,111,121
222: 454,273,291,159,448,578
223: 400,980,130,622,650,850
224: 528,198,372,83,90,675
225: 28,1770,434,1935,38
226: 108,45,171,17,44,157
227: 715,185,1170,940,676,25
228: 417,612,1282,732,1132,1036
229: 428,414,784,18,311,380
230: 496,737,1097,267,1372,507
231: 679,496,737,1941,403,352
232: 319,450,22,138,876,532
233: 165,14,61,867,293,316
234: 119,754,544,314,147,156
235: 1080,651,1580,425,1206,250
236: 532,422,1019,498,138,105
237: 31,175,721,263,257,202
238: 176,97,847,473,694,593
239: 1187,1111,579,158,513,306
240: 594,331,300,54,79,143
242: 692,30,640,708,720,620
243: 669,460,613,1698,526,1802
244: 72,1205,1129,2122,1000,1420
245: 1576,961,1244,1190,1208,744
246: 184,38,409,402,259,64
247: 554,96,1617,1796,1771,1968
248: 135,1370,693,1502,1195,1488
249: 789,1369,13,1224,303,615
250: 1206,935,947,1608,235,1580
251: 688,668,341,208,312,366
252: 275,690,983,282,615,161
253: 166,93,129,161,303,362
254: 830,2056,1078,516,1326,2043
255: 201,37,1737,1346,491,801
256: 268,1043,505,573,47,1073
257: 21,202,530,721,237,423
258: 153,77,14,35,124,449
259: 38,246,354,317,64,28
260: 40,326,346,200,301,570
261: 388,6,100,186,88
262: 609,348,979,1045,889,193
263: 176,97,31,175,237,503
264: 904,16,1205,34,794,1408
265: 485,107,1063,833,885
266: 1456,861,42,485,402,65
267: 1372,626,810,737,230,172
268: 141,1043,316,256,573,293
269: 440,451,633,488,627,120
270: 621,1221,1224,1163,419,142
271: 497,626,616,1088,763,489
272: 2108,336,1982,1807
273: 454,399,468,291,222,408
274: 212,913,76,2058,446,384
275: 983,252,282,774,767,87
276: 17,44,22,32,319,143
277: 425,642,30,520,397,401
278: 27,149,60,780,86,768
279: 914,976,418,868,481,533
280: 794,1266,904,1436,2097,725
281: 189,193,916,1496,357,1175
282: 275,252,129,161,648,87
283: 27,149,19,211,112,90
284: 1357,1900,1286,818,873,2069
285: 140,400,457,330,378,714
286: 1833,814,836,793,407,308,43
287: 86,9,84,23,33,29
288: 455,307,128,1906,688,15
289: 1272,438,984,173,555,632
290: 211,154,649,99,452,372
291: 273,468,222,294,448,917
292: 1254,821,1739,516,298,98
293: 233,61,179,268,316,573
294: 1130,917,468,291,1603
295: 652,667,553,979,1212,1045
296: 1338,1059,763,489,730
297: 812,123,2025,47,20,1073
298: 516,318,2107,1326,1661,98,292
299: 1147,1805,644,1713,1352
300: 365,108,240,594,143,44
301: 200,437,431,382,326,260
302: 1456,1739,1027,1704,65,447
303: 93,253,161,13,249,615
304: 52,333,1077,767,1058,114
305: 667,978,553,716,1020,618
306: 158,163,579,820,239,508
307: 1530,288,455,1125,1906,109
308: 166,362,407,91,286,43
309: 1905,1724,1256,111,205
310: 456,1342,628,805,914,481
311: 654,380,1092,229,428,478
312: 208,561,341,251,733,67
314: 234,754,188,147,554,1617
315: 1444,602,882,1528,1157
316: 141,268,167,233,867,293
317: 46,340,64,220,354,259
318: 298,390,752,2107,1326,1787
319: 54,232,450,143,276,22
320: 1382,1683,1718,368,825,1924
1475: 1127,475,531,134,1432,1471
322: 789,218,445,142,748,923
323: 40,326,458,736,174,954
324: 650,53,104,36,389,547
325: 1973,511,353,137,1967,1443
326: 323,40,382,174,260,301
327: 1131,1715,1333
328: 1302,1685,1858,563,1094,335
329: 154,112,66,6,100,192
330: 1256,457,111,221,378,285
331: 240,594,169,627,120,79
332: 1624,990,199,1644,1503,1327
333: 52,1077,1346,304,39,85
334: 1462,1496,1690,125,1035,1418
335: 563,521,328,1685,1536,1786
336: 272,1982,614,1864,197,385
337: 10,160,501,118,78
338: 24,55,9,404,1064,5
339: 562,433,733,826,852,341
340: 735,42,885,317,46,64
341: 852,668,251,312,339,733
342: 495,487,550,578,387,454
343: 360,908,1571,941,825,1014
344: 93,362,48,435,363,91
345: 31,721,182,169,375,427
346: 141,167,58,40,260,570
347: 1462,1768,357,1170,758,676
348: 609,593,509,916,262,193
349: 7,1000,1967,1443,931,1420
350: 374,208,366,804,1915,148
351: 1195,355,462,731,1056,1708
352: 636,1865,453,496,231,403
353: 629,511,325,399,137,408
354: 220,212,317,28,384,259
355: 351,1395,462,2026,1316,1708
356: 149,60,19,623,833
357: 1462,347,1496,189,758,281
358: 41,365,423,108,45,21
359: 539,92,865,674,1424,1449
360: 908,343,1052,1014,969,1348
361: 486,884,1828,799,2008
362: 166,93,253,344,308,91
363: 13,621,515,435,93,344
364: 1168,700,1123,1489,1560,1293
365: 358,423,108,300,594,427
366: 208,350,128,148,688,251
367: 1177,1083,576,1427,1122,1435
368: 1692,1337,320,1718,1571,825
369: 1366,872,1306,210,2065,540,2126
370: 1444,602,1504,1090,1309
371: 32,63,94,88,5,55
372: 528,452,224,211,290,90
373: 1070,1586,636,1097,1368,523
374: 208,350,804,718,561,196
375: 169,627,556,182,345,451
376: 1610,1884,1154,760,549,1446
377: 1302,522,1858,508,493
378: 1256,330,2026,140,285,1708
379: 2123,1002,1341,1461,1329,1431
380: 654,311,1058,114,229,18
381: 76,981,1615,8,624,912
382: 326,174,437,301,823,1974
383: 1613,723,841,680,742,706
384: 28,446,1770,274,212,354
385: 197,1864,1912,209,336
386: 1028,1270,1191,1602,874,581
387: 495,342,454,399,432,629
388: 100,261,88,854,24,55
389: 21,36,530,324,41,547
390: 318,2107,1771,2080,92,1787
391: 1761,705,1956,1703,1411
392: 755,1181,1306,802,210,1706
393: 420,1379,2108,1807,1965,1087
394: 720,996,214,1307,884,799
395: 1497,1484,1044,1830,1317,666
396: 1493,469,499,712,1452,490
397: 178,401,132,430,277,520
398: 679,1941,1405,752,2043,424
399: 454,273,408,387,629,353
400: 140,285,223,980,850,714
401: 1103,178,397,425,277,1206
402: 184,246,65,42,64,266
403: 1941,231,2012,453,352
404: 9,338,1064,912,981,23
405: 687,1468,696,453,1865,1823
406: 703,15,1585,455,868,591
407: 793,91,2074,308,286
408: 273,399,137,468,474,353
409: 184,38,1747,246,1935,638
410: 10,547,113,171,41,45
411: 605,127,80,175,202,421
412: 106,26,998,1913,477
413: 1588,580,872,1950,1165,1380
414: 229,494,1119,784,18,617
415: 599,770,1044,1317,1364,548
416: 213,759,859,739,1644,1012
417: 612,781,228,1132,1095,439
418: 2031,279,914,1965,976,1040
419: 1551,939,1163,1426,270,1221
420: 584,1040,922,393,1379,1965
421: 36,622,202,530,80,411
422: 1064,236,532,5,1019,94
423: 358,365,721,21,257,427
424: 539,2012,1787,752,1941,398
425: 642,277,1080,235,1206,401
426: 535,1403,499,792,911,469
427: 594,169,721,345,365,423
428: 229,784,1532,1492,311,478
429: 1395,462,1488,611,859,739
430: 397,132,520,444,151,710
431: 200,215,563,437,521,301
432: 635,577,495,387,629,168
433: 535,562,1403,339,826,805
434: 1770,225,146,1788,543
435: 48,111,221,363,515,344
436: 528,452,1565,1737,1583
437: 431,521,301,382,823,134
438: 646,1304,1272,289,483,632
439: 559,677,417,1132,597,1095
440: 1035,633,269,1418,488,206
441: 1878,1072,967,656,103,603
442: 115,162,461,2027,812,20
443: 996,1007,1373,1396,672,1437
444: 214,1007,620,520,430,710
445: 506,789,218,740,1369,322
446: 1770,384,2058,274,123,2025
448: 955,917,159,291,222
449: 124,641,258,153,471,514
450: 54,102,232,319,81,876
451: 709,633,269,556,627,375
452: 528,436,372,1583,290,99
453: 1468,405,403,352,1865
454: 273,399,222,342,578,387
455: 288,307,1125,1585,15,406
456: 1342,310,2093,2031,914,791
457: 330,221,285,714,762,121
458: 323,40,867,167,954,170
459: 479,851,808,611,607,1502
460: 613,243,1802,736,1890,484
461: 683,1862,2027,442,162
462: 351,1395,1195,429,355,1488
463: 1356,1191,671,1598,1602,988
464: 1089,1375,475,1432,1099,1587
465: 1788,2044,1935,180,638
466: 741,1622,172,1405,2105,810
467: 1005,1178,889,553,979,1020
468: 273,291,408,294,474,1603
469: 1493,1267,396,911,426,499
470: 1231,1521,1601,525,948,1236
471: 490,726,131,514,641,449
472: 589,1300,34,102,57,81
473: 536,677,847,203,97,238
474: 122,1541,1603,137,468,408
475: 1475,134,1432,1089,823,464
476: 1875,1758,1273,1638,1376,1887
477: 571,1063,412,106,1796,1968
478: 486,1828,428,1532,311,1092
479: 959,851,749,459,1370,1502
480: 574,542,907,1071,1075,888
481: 279,914,533,310,805,826
482: 1862,1312,498,8,624
483: 1304,438,632,732,1081,1036
484: 1310,560,1890,460,660,613
485: 265,107,42,885,266,861
486: 361,884,478,1828,708,1092
487: 342,750,695,550,578,1184
488: 440,269,120,206,1300,57
489: 1338,296,763,497,271,1417
490: 1452,726,471,712,641,396
491: 1077,1346,87,255,37,648
492: 564,888,1503,1327,524,1597
493: 639,73,820,377,508
494: 1119,414,617,1515,568,994
495: 342,550,387,761,432,577
496: 737,230,231,352,636,1097
497: 2051,1372,271,626,1417,489
498: 236,1019,105,1312,482,8
499: 426,535,217,712,396,469
500: 1736,954,170,526,1802,518
501: 337,160,1419,190,56,78
502: 883,1061,1732,1185,1433,1824
503: 536,74,127,97,175,263
504: 943,583,592,746,1268
505: 1043,256,1073,146,1394,543
506: 445,740,1369,568,690,994
507: 899,523,230,1097,2051,1372
508: 377,522,493,820,163,306
509: 694,593,348,556,916,709
510: 1931,1759,1639,2019,1840,893
511: 629,1912,168,1973,325,353
512: 809,1632,815,1265,1241,1654
513: 158,1242,1111,239,902,194
514: 131,471,449,153,1736,518
515: 363,621,1221,205,435
516: 298,1326,821,292,1078,254
517: 869,151,672,710,600,1517
518: 1736,170,500,165,153,514
519: 692,642,52,936,1080,85
520: 30,277,444,620,397,430
521: 563,437,431,335,531,134
522: 377,1302,1113,508,1199,163
523: 1368,855,899,507,373,1097
524: 1458,1597,1149,1075,888,492
525: 948,681,470,1236,808,775
526: 1736,500,1802,538,1698,243
527: 1023,1406,993,1330,1766,1810
528: 452,436,1565,198,372,224
529: 684,1285,1120,1183,678
530: 21,257,36,202,389,421
531: 1127,1475,134,1536,521
532: 236,422,232,22,94,138
533: 703,852,279,868,481,826
534: 772,1267,1228,962,1589,1244
535: 426,217,562,1403,499,433
536: 559,473,677,74,503,97
537: 965,942,715,770,191,940
538: 661,131,1736,526,1051,1698
539: 2012,359,92,424,1787,865
540: 685,1950,2126,872,369
541: 213,775,759,681,1542,951
542: 743,619,480,1008,574,1071
543: 133,1788,1394,434,146,505
544: 234,119,156,1322,746,1268
545: 963,693,1325,631,1258,788
546: 827,686,816,1349,857,1211
547: 410,113,389,53,324,41
548: 965,790,1262,1044,415,770
549: 614,1872,760,376,1446,1982
550: 495,342,750,487,761,1120
551: 1284,1193,934,1482,1305,592
552: 1231,745,1601,1263,1495,828
553: 305,667,295,979,1020,467
554: 1617,1771,247,754,314,2080
555: 1687,173,1677,632,785,289
556: 694,509,182,709,451,375
557: 35,241,124,702,67,608
558: 727,1927,1028,581,2008
559: 536,677,439,74,819,597
560: 1310,1089,1890,484,1974,1375
561: 374,208,312,718,67,608
562: 535,217,339,433,733,702
563: 215,431,521,1094,335,328
564: 888,1218,492,1327,1012,574
565: 699,605,127,788,74,819
566: 53,104,2013,1009,12,1937
567: 643,177,1358,717,697,753
568: 1093,1515,506,740,994,494
569: 1088,2105,875,902,194,1622,616
570: 200,68,346,58,1065,260
571: 107,477,1063,1152,1893,1968
572: 655,1818,1414,707,1047,662
573: 268,256,95,47,293,179
574: 743,480,542,564,888,1218
575: 1426,1883,1503,2036,1597,990
576: 786,367,1177,1021,977,1427
577: 635,432,1872,769,495,761
578: 342,487,1184,159,454,222
579: 1187,704,1186,820,239,306
580: 753,1588,413,697,1380,822
581: 1828,874,386,558
582: 1836,1047,973,1619,662,1412
583: 504,943,1030,1268,1424,1449
584: 1609,420,922,1379,1053,862
585: 933,1385,1384,1271,657,1029
586: 748,713,1146,798,923,969
587: 1168,1124,700,1141,1210,1049
588: 1564,1752,1776,2057,1794,2133
589: 164,1300,34,472,1409,16
590: 1699,1133,901,1368,1142,855
591: 976,868,1087,1144,1585,406
592: 504,943,1517,1482,1284,551
593: 609,694,509,348,847,238
594: 240,169,331,427,365,300
595: 1288,1753,1612,952,1450,1561
596: 1460,1671,779,1339,1216
597: 631,1132,1050,559,439,819
598: 1356,1039,1345,1270,1191,1378
599: 415,715,770,185,1402,1364
600: 151,517,1517,1322,746
601: 1602,988,874,1532,719,1492
602: 315,1444,370,1504,1618,2068
603: 656,856,1726,1728,441,967
604: 857,1421,918,964,1328,950
605: 699,1477,565,127,80,411
606: 1056,980,731,1025,1477,130
607: 213,611,775,859,808,459
608: 35,557,67,718,561,216
609: 593,348,262,847,1045
610: 875,194,1243,1242,1415,69
611: 859,607,459,1502,429,1488
612: 417,1282,858,781,228,1526
613: 669,757,460,660,243,484
614: 635,1864,1872,549,336,1982
615: 690,252,1369,249,161,303
616: 271,626,810,1088,2105,569
617: 494,414,18,983,774,994
618: 1160,2000,305,978,1020
619: 1008,542,1275,1805,1162,1071
620: 720,214,444,242,30,520
621: 270,363,13,515,1221,1224
622: 36,421,80,130,223,650
623: 83,106,998,356,19,833
624: 1615,381,8,2027,482
625: 877,701,842,1427,724,1435
626: 497,267,1372,271,810,616
627: 169,331,375,120,451,269
628: 1342,310,805,2109,1403,792
629: 168,511,353,387,399,432
630: 1209,856,1721,1781,1729,1538
631: 1050,1258,597,545,819,788
632: 555,1677,438,289,483,732
633: 440,1175,709,1035,451,269
634: 722,1040,922,2031,1581,791
635: 614,432,1864,1872,577,168
636: 352,1586,373,1865,1097,496
637: 831,1128,1576,1208,1859,1442
638: 126,1935,1747,409,465
639: 839,493,126,73,180
640: 936,654,1092,708,692,242
641: 712,241,124,449,490,471
642: 425,692,30,277,519,1080
643: 567,1587,177,1031,1358,647
644: 1425,1713,299,653,1139,1352
645: 908,941,2088,1939,798,811
646: 1332,1304,1272,953,438,1104
647: 734,870,1099,643,1587,1031
648: 207,37,129,282,491,87
649: 154,66,290,99,71,56
650: 104,850,324,223,36,622
651: 39,144,1080,235,85,1580
652: 667,295,1582,843,1212
653: 1121,1139,1287,1425,1470,644
654: 936,311,1058,380,1092,640
655: 728,1414,1296,572,707,975
656: 1209,103,856,1297,603,441
657: 1342,2093,2109,1385,585
658: 1861,1662,1422,1684
659: 1255,932,1574,1192,1226,1200
660: 757,613,1310,484,1124,1141
661: 726,131,764,538,860,1051
662: 1047,582,1414,572,1556,1412
663: 69,1501,1478,2079,1033,1415
664: 1154,898,1183,678,769,760
665: 1670,1938,1016,1499
666: 1830,1283,1894,1634,1497,395
667: 305,652,295,553,716
668: 688,703,852,15,341,251
669: 757,891,613,1698,243,1605
670: 1954,968,1754,1714,1891
671: 1209,1297,1598,1538,988,463
672: 869,517,710,443,1007,1437
673: 957,795,1320,1116,1105,1106
674: 119,754,1424,2080,359,92
675: 83,26,998,198,224,1608
676: 1130,25,227,1170,1768,347
677: 559,473,536,439,203,1095
678: 664,1183,529,1120,761,769
679: 737,172,1941,398,231,1405
680: 1098,706,1136,723,383,1001
681: 525,1287,948,1542,541,775
682: 158,1243,1199,1242,163,824
683: 461,82,1862,195,59,162
684: 1109,1285,529,1229,1120,750
685: 1950,540,2126,1901,1509,849
686: 827,546,1004,1184,816,695
687: 1225,1468,1024,829,696,405
688: 668,15,251,288,128,366
689: 1081,1258,1304,953,959,1325
690: 983,252,994,615,506,1369
691: 943,1030,1284,1365,1225,783
692: 642,242,30,519,936,640
693: 135,963,1370,545,248,1325
694: 593,509,556,176,182,238
695: 750,487,827,686,1184,1229
696: 687,829,405,1818,1823,1240
697: 567,1358,753,580,1854,822
698: 1964,2038,1812,313,1252,1227
699: 605,1025,1477,565,788,963
700: 364,1168,587,1210,747,1293
701: 1373,1396,1276,877,625,842
702: 241,557,67,217,562,733
703: 852,668,15,406,533,868
704: 1187,1060,579,1186,447,1027
705: 313,391,1761,1374,1459
706: 680,742,1098,1261,1779,383
707: 655,728,1818,572,783,829
708: 486,884,1092,640,242,720
709: 1175,451,633,509,556,916
710: 151,517,672,444,1007,430
711: 973,1619,895,905,1234,1933
712: 241,641,217,499,396,490
713: 798,586,923,811,1551,1163
714: 850,2013,285,400,457,762
715: 599,770,185,227,537,940
716: 305,667,978,1582,1531,1215
717: 567,177,1471,1264,753,1646
718: 374,561,196,183,608,216
719: 988,601,1492,797,103,1297
720: 214,394,620,884,708,242
721: 31,237,345,257,427,423
722: 1609,634,922,1192,1066,1581
723: 1613,2124,1136,1038,383,680
724: 977,1427,926,1927,625,842
725: 82,1862,1312,1266,280,2097
726: 1452,490,661,131,764,471
727: 558,1021,977,1927,1028,1295
728: 655,1296,707,783,1101,1365
729: 987,1649,1575,2060,1623,1469
730: 1976,1478,2086,1705,296,763
731: 351,1195,135,1025,1056,606
732: 1282,228,1677,632,483,1036
733: 562,339,341,312,702,67
734: 870,647,910,1031,1188,1280
735: 885,46,768,340,60
736: 323,174,954,1802,460,1890
737: 679,496,230,172,231,267
738: 1141,870,1049,1099,1310,1375
739: 416,859,1644,1395,429,1624
740: 506,218,445,1093,866,568
741: 2089,830,466,2056,1622,1405
742: 706,1779,383,841,921,1851
743: 1008,574,542,1277,951,1218
744: 961,245,1208,771,777,817
745: 552,1231,1340,1695,1263,1179
746: 504,1268,1322,600,544
747: 1570,1293,700,1210,1439,1591
748: 1146,586,923,1359,218,322
749: 479,959,1143,851,953,1104
750: 695,487,550,684,1229,1120
751: 1388,1537,892,1353,1835,1763
752: 318,1326,2043,424,1787,398
753: 1588,580,1646,567,717,697
754: 234,119,314,674,2080,554
755: 1786,1181,392,1113,1685,1706
756: 1978,2078,1908,999,1472,1299
757: 669,891,660,613,1124,796
758: 1005,189,219,1170,347,357
759: 213,416,541,951,1218,1012
760: 1872,769,549,1154,664,376
761: 495,550,1120,678,769,577
762: 1009,121,2074,457,2013,714
763: 296,489,1088,271,1976,730
764: 1452,661,726,945,1167,860
765: 115,145,183,95,179,70
766: 207,201,37,181,43,836
767: 1077,304,87,275,774,114
768: 735,46,86,278,60,29
769: 1872,760,577,761,664,678
770: 415,715,599,537,965,548
771: 1220,848,961,744,1813,777
772: 534,1493,1267,945,1244,1190
773: 1446,1053,2108,1982,1269,1379
774: 275,983,18,617,767,114
775: 213,541,607,525,681,808
776: 1849,1897,1933,1062,2017,915
777: 1782,817,771,744,1813,1772
778: 1754,1877,1873,1801,1216,1100
779: 1197,928,596,1671,1216,1873
780: 278,192,27,854,86,84
781: 417,612,1526,843,1095,1955
782: 1740,930,1283,1497,1777,1134
783: 728,707,691,1365,1225,829
784: 229,428,1119,414,1492,797
785: 1687,173,555,995,1763,1032
786: 1633,1177,576,887,1171,1021
787: 1875,1868,1762,1037,1638
788: 699,565,631,963,545,819
789: 445,1369,322,142,249,1224
790: 1112,965,837,548,1262,1367
791: 1581,938,634,2031,456,2093
792: 426,1403,628,2109,933,911
793: 1009,407,2074,814,1937,286
794: 49,1408,1266,280,904,264
795: 957,880,673,1276,1233,1106
796: 1168,1124,1123,757,891,970
797: 719,1492,1072,103,1119,784
798: 713,586,969,811,908,645
799: 361,884,2008,926,394,1307
800: 1048,1876,1673,1155,1731,1164
801: 39,144,255,1737,1346,1565
802: 1018,1279,210,824,1706,392
803: 1786,1181,1010,1264,1127,1536
804: 374,350,1915,195,196,59
805: 310,628,481,1403,433,826
806: 1499,1292,1577,1757,986,1510
807: 1831,1651,2024,1735,1765
808: 1236,851,459,525,775,607
809: 1729,1598,1632,512,815,1538
810: 267,626,616,466,172,2105
811: 713,798,1939,645,1551,1135
812: 297,47,20,115,442,95
813: 1625,1259,1891,962,1384,1271
814: 1419,190,1833,1937,286,793
815: 809,1598,512,1654,1356,1039
816: 686,546,1004,191,1349,942
817: 777,1782,2062,1859,1208,744
818: 284,1392,1900,1554,896,873
819: 559,74,631,597,565,788
820: 579,1186,493,73,508,306
821: 1739,1027,292,516,1060,1078
822: 1203,1380,697,580,925,1854
823: 1089,1974,382,437,475,134
824: 1018,802,1706,1243,1199,682
825: 1571,343,368,320,1014,1924
826: 339,433,481,852,533,805
827: 686,546,857,1328,695
828: 1143,1495,552,1601,1332,1104
829: 687,1225,696,1818,707,783
830: 741,2056,254,2043,1405
831: 637,1167,1371,860,1128,1576
832: 1406,958,1611,1448,1688,1984
833: 265,1063,356,623,106
834: 1604,1249,1319,1434,1422,1630
835: 1481,1757,1389,1853,929
836: 1833,286,181,766,43
837: 1112,965,790,1349,942,853
838: 2111,1738,1909,1993,1866,2081
839: 639,180,1094,903,1858
840: 1318,1096,1159,1142,944,1934
841: 991,1353,1613,383,742,1851
842: 1373,625,701,724,926,1307
843: 1212,1955,1582,781,1526,652
844: 957,1482,1305,880,1437,869
845: 1398,1527,1487,906,1929,2006
846: 1055,136,1436,72,2122,204
847: 203,473,609,593,238
848: 1977,1220,1625,771,1589,961
849: 1509,1201,1430,685,1901
850: 650,104,2013,714,400,223
851: 1236,479,1143,808,749,459
852: 703,668,341,533,339,826
853: 1204,1453,1112,837,1349,1211
854: 24,84,388,100,192,780
855: 1159,1368,1142,899,523,590
856: 630,656,1209,603,1728,1721
857: 1211,964,604,1328,827,546
858: 612,1282,1526,1245,155,1313
859: 213,416,611,607,739,429
860: 1167,1371,831,1051,661,764
861: 266,1254,1456,485,107,1152
862: 1321,1574,1079,1053,1609,584
863: 1476,1023,1239,1705,1054,993
864: 1086,1494,1442,2062,1474,1859
865: 539,2012,359,1468,1024,1449
866: 1093,967,1198,1359,218,740
867: 165,233,316,167,170,458
868: 279,976,591,703,406,533
869: 517,672,1517,1482,844,1437
870: 734,738,1049,647,1099,910
871: 2129,1383,1339,1360,1460
872: 1588,413,1366,369,1950,540
873: 960,1692,896,2069,284,818
874: 1602,1532,601,386,581
875: 1088,569,610,194,69,1976
876: 49,138,1408,232,450,81
877: 1276,625,701,1233,1628,1435
878: 1953,1803,2004,1511
879: 1486,915,1897,1655,1235,1441
880: 957,795,844,1437,1396,1276
881: 1182,1494,1442,970,1620,1128
882: 315,2068,1116,909,1157
883: 1540,1061,1189,502,1732,1260
884: 361,486,799,708,720,394
885: 735,42,340,265,485
886: 2065,919,2126,1901,1238,1984
887: 1832,1171,1345,1295,1021,786
888: 564,492,480,574,1075,524
889: 1005,467,189,193,979,262
890: 1848,1822,1467,1657,1911
891: 669,757,1620,1605,970,796
892: 1537,751,1353,1643,1313,1851
893: 1840,1902,1701,2019,510,2050
894: 1237,1700,1559,1219,1777,1134
895: 1048,1673,711,1619,1933,1062
896: 1692,873,818,1554,1251,1718
897: 197,1144,1585,209,1125
898: 1154,664,1183,1562,1577,1884
899: 1159,2001,855,507,523,2051
900: 1977,1220,1107,1962,1674,1764
901: 905,1699,590,1070,1173,1368
902: 569,194,1111,2089,1622,513
903: 215,1094,68,116,839
904: 72,264,1205,794,280,1436
905: 1699,1234,901,711,973,1173
906: 1487,845,1929,1880,1156
907: 1678,1553,1091,1071,1075,480
908: 360,941,343,645,798,969
909: 1116,1105,1760,2096,882,2068,1566
910: 1210,734,870,1049,1188,1439
911: 1267,469,426,792,933,1228
912: 1064,1019,404,981,381,8
913: 23,33,274,212,76,981
914: 2031,279,418,481,456,310
915: 879,1234,1486,776,1897,1933
916: 509,348,281,193,1175,709
917: 294,1130,448,25,291
918: 1421,604,950,1351,1118,1907
919: 2065,886,1238,1279,1033,1501
920: 1172,1458,1678,1429,1337,1068
921: 1643,1531,1215,1851,742,1779
922: 1609,420,722,634,584,1040
923: 748,713,586,1163,322,142
924: 1815,1702,1860
925: 1857,1742,1854,1203,1423,822
926: 724,1927,799,2008,1307,842
927: 1466,1985,1895,1740,1150
928: 1516,1197,779,938,1137,1873
929: 1485,835,1389,1479,1853,1533
930: 1740,1150,782,1440,1283,989
931: 1000,1967,349,187,1530,109
932: 1932,659,1255,1467,1246,1226
933: 1228,1384,585,2109,792,911
934: 551,1193,1528,1157,1305,1320
935: 250,1022,1913,947,1608,26
936: 654,1058,640,52,692,519
937: 2115,1600,1812,1593,2055,2038
938: 1516,1197,1581,928,791,2093
939: 419,1426,1883,1221,205
940: 955,25,537,715,227,191
941: 908,1571,1068,343,645,2088
942: 537,965,837,1349,191,816
943: 504,1030,691,583,592,1284
944: 1655,1294,1934,1142,1133,840
945: 772,1493,1452,764,1190,1167
946: 1404,1742,1854,1280,1031,1358
947: 1206,250,188,935,1022,1103
948: 1121,525,1287,681,470,1521
949: 1046,2029,2005,1548,1942
950: 918,604,1328,1351,1109,1229
951: 1542,743,1277,541,759,1218
952: 1217,1450,1011,1519,595,1561
953: 646,1304,1104,959,749,689
954: 170,500,1802,323,458,736
955: 940,448,25,1004,191,159
956: 206,1409,125,1418,89,139
957: 795,1305,844,1320,880,673
958: 1448,832,1232,1984,1501,1238
959: 479,749,953,689,1370,1325
960: 1692,1337,873,2069,1429
961: 245,1244,744,848,771,1589
962: 1228,1384,534,1625,1589,813
963: 135,545,693,699,1025,788
964: 857,1211,1421,604,1204,1672
965: 537,837,790,942,548,770
966: 1923,1114,1750,1733,1682,1769
967: 1878,866,441,1198,1726,603
968: 1727,670,1107,1259,1891
969: 1146,798,586,360,908,1348
970: 1182,881,1620,891,1123,796
971: 1842,2014,1554,1969,1251,1792
972: 1669,1348,1153,1350,1052,1725
973: 1836,711,1619,582,1173,905
974: 1397,1826,1495,1332,1272,984
975: 1090,1590,1444,655,1414,1296
976: 279,1965,418,868,591,1087
977: 727,1021,1427,724,1927,576
978: 305,716,1464,1531,618,1160
979: 295,553,1045,467,889,262
980: 140,400,223,1056,606,130
981: 76,381,912,404,23,913
982: 1957,1543,1998,1388,1546,1835
983: 275,690,252,774,994,617
984: 1272,289,1665,1397,974,173
985: 1746,2035,2029,1922
986: 1057,1481,1757,1938,1499,806
987: 729,1867,2103,1575,2060,1067
988: 1602,601,719,671,1297,463
989: 930,1440,1283,1001,1098,1894
990: 1905,199,332,1503,575,1883
991: 1388,1546,1353,841,1613,1074
992: 1465,2057,1919,1711,1723,1972
993: 1406,1054,1448,1023,527,863
994: 690,983,506,568,494,617
995: 785,1763,1957,1032,1140,1835
996: 214,443,394,1307,1007,1373
997: 1840,1274,1639,1996,2009,2005
998: 83,623,412,106,26,675
999: 1472,1675,1084,1978,756,1599
1000: 931,349,1420,244,2122,109
1001: 1440,989,1041,1136,680,1098
1002: 1318,379,2123,1096,1578,1461
1003: 1457,2030,1161,1253,1756,1869
1004: 686,1184,191,816,159,955
1005: 1178,467,889,189,758,219
1006: 1102,1993,1772,1253,1738,1869
1007: 996,214,443,444,672,710
1008: 743,619,1352,542,1277,1805
1009: 762,793,2074,566,2013,1937
1010: 803,1181,1306,1264,1646,1366
1011: 1518,1519,1201,952,1561,1621
1012: 564,1218,1644,1327,416,759
1013: 89,152,164,7,1420,1129
1014: 1052,1924,1248,360,825,343
1015: 1855,1804,2050,1797,1701,1660
1016: 1670,1499,1292,1407,665,1850
1017: 1694,1626,1994,1930
1018: 1279,802,1033,1415,824,1243
1019: 1064,236,912,422,498,8
1020: 305,553,618,1178,467
1021: 727,977,1295,887,786,576
1022: 188,935,1913,947,1617,1796
1023: 1166,1476,527,863,993,1810
1024: 687,1225,1468,1449,1030,865
1025: 699,1477,135,963,731,606
1026: 2102,2041,1842,1969,2046
1027: 821,1739,302,1060,704,447
1028: 386,1270,1295,558,727
1029: 1137,1714,1877,1385,1271,585
1030: 943,691,583,1225,1024,1449
1031: 643,1358,734,647,946,1280
1032: 1665,1540,1140,173,995,785
1033: 1018,1279,1415,1501,663,919
1034: 1879,1722,1466,1985,1559,2016
1035: 440,1175,633,1418,334,1496
1036: 1081,1132,1050,483,732,228
1037: 1638,1681,1899,1868,1324,787
1038: 1613,2124,2101,723,1074,1607
1039: 1356,598,815,1654,1525,1378
1040: 420,634,922,2031,1965,418
1041: 1138,1483,2087,1136,1440,1001
1042: 1102,1993,1764,1744,1909,1674
1043: 141,268,58,505,256,1394
1044: 1262,1484,395,1317,548,415
1045: 1212,295,979,609,262
1046: 1719,949,2029,1898,1922
1047: 1240,1836,582,662,1818,572
1048: 1876,800,895,1673,1062,1767
1049: 1141,1210,870,738,910,587
1050: 1081,631,1132,1036,1258,597
1051: 1371,860,1605,661,538,1698
1052: 1014,1248,1725,360,972,1348
1053: 773,1269,1079,862,584,1379
1054: 1448,993,1232,2086,1705,863
1055: 136,148,846,128,1906,204
1056: 140,980,1708,606,351,731
1057: 1207,1481,986,1938
1058: 936,654,380,114,52,304
1059: 1705,1338,296,1341,1239
1060: 1187,704,821,1027,101,1078
1061: 1665,1540,883,502,1397,1824
1062: 1849,776,1933,1767,1048,895
1063: 265,571,107,477,833,106
1064: 5,912,422,1019,404,338
1065: 133,116,1394,58,68,570
1066: 1197,1581,1192,722,1200,1671
1067: 987,2103,1575,1997,1987,1874
1068: 1571,941,2088,1337,1172,920
1069: 1653,1889,1847,1110,1117,2091
1070: 1586,373,1173,1331,1368,901
1071: 1553,1162,907,619,480,542
1072: 1878,441,1515,103,1119,797
1073: 123,297,47,146,505,256
1074: 1613,1038,1390,1607,1546,991
1075: 1678,907,480,888,1458,524
1076: 1793,1800,2077,2052,1631,2020
1077: 333,1346,304,767,491,87
1078: 101,2056,254,821,516,1060
1079: 1269,1479,1986,1053,1321,862
1080: 651,235,85,425,642,519
1081: 1036,1050,689,1258,1304,483
1082: 1600,1459,1298,1250,1956
1083: 367,1177,1447,1507,1122,1169
1084: 1676,2047,999,1675,1599,1386
1085: 1410,1981,1979,2018,1925
1086: 1336,864,1494,1474,1923,1176
1087: 1965,976,591,1144,1807,393
1088: 569,875,271,616,1976,763
1089: 560,823,1974,464,1375,475
1090: 1799,975,1590,1309,1664,370
1091: 1678,1429,1553,1247,907
1092: 654,311,640,486,478,708
1093: 1878,866,1515,568,740
1094: 215,563,903,839,328,1858
1095: 203,1955,417,781,677,439
1096: 1318,1002,840,1578,1159,2001
1097: 373,636,496,230,507,523
1098: 680,1894,1261,706,989,1001
1099: 870,738,647,464,1375,1587
1100: 1339,1216,1360,778,1801,1535
1101: 1365,1193,1528,728,1296
1102: 1042,1813,1993,1772,1764,1006
1103: 178,401,147,1206,188,947
1104: 646,1332,953,1143,749,828
1105: 1116,1520,909,1106,1760,673
1106: 1520,1105,1233,1539,795,673
1107: 1977,900,1259,1962,1727,968
1108: 1921,1156,1303,1814,1529,1399
1109: 684,1285,1490,1229,950,1351
1110: 1117,1727,1954,2010,1069,1847
1111: 1187,239,2089,101,513,902
1112: 837,790,1367,853,1401,1453
1113: 1302,1685,522,1199,755,1706
1114: 966,1750,1733,1749,1745,1971
1115: 1343,1361,1550,1568,1545,1387
1116: 1105,909,1320,673,1157,882
1117: 1110,2010,1069,1567,2091,1636
1118: 1301,1445,1907,1308,1421,918
1119: 494,414,784,1072,1515,797
1120: 684,529,750,550,761,678
1121: 653,1287,948,1709,1470,1521
1122: 1169,1355,1628,1435,367,1083
1123: 364,1168,796,1182,970,1489
1124: 1168,587,796,757,660,1141
1125: 1530,455,307,187,897,1585
1126: 1549,2053,1936,1918
1127: 1475,531,1471,1536,803,1264
1128: 1620,637,1371,831,881,1442
1129: 244,16,1205,1013,164,1420
1130: 294,676,917,25,1768
1131: 327,1278,1715,1730
1132: 1036,1050,597,417,228,439
1133: 1699,1486,590,1142,1655,944
1134: 1497,1219,1484,1777,782,894
1135: 1551,1426,2036,1939,811
1136: 2124,723,1041,1001,680
1137: 1029,1877,1873,1516,928,1385
1138: 1151,1041,1222,1483,1660
1139: 653,1287,1542,644,1352,1277
1140: 1540,1032,1189,1957,1463,995
1141: 738,1049,660,1310,1124,587
1142: 1159,855,1133,590,840,944
1143: 1236,851,749,828,1601,1104
1144: 897,197,1807,1585,591,1087
1145: 1318,2123,1697,1934,1469,1839
1146: 748,586,969,1348,1350,1359
1147: 1314,1720,1480,299,1805
1148: 1413,1454,1347,1303,1265
1149: 1172,2036,1458,524,1939,1597
1150: 1740,930,1440,2087,927,1895
1151: 1138,1483,1660,1804,1647,1563
1152: 571,107,1893,1254,861,98
1153: 972,1669,1725,1505,1527,1281
1154: 898,664,760,376,1884
1155: 800,1731,1668,2134,1975,1164
1156: 1921,1108,1880,1529,906
1157: 1528,934,1320,1116,315,882
1158: 1323,1529,1227,1929,1374
1159: 2001,1142,855,899,1096,840
1160: 618,1830,2000,1464,1634,978
1161: 1825,1457,1003,1474,1756,1176
1162: 1553,1071,1275,1387,619
1163: 1551,419,713,923,270,142
1164: 2134,1680,1876,800,1155
1165: 1217,1380,413,1950,1519,1509
1166: 1476,1315,1023,1257,1966,1810
1167: 860,831,945,764,1576,1190
1168: 364,1124,700,587,1123,796
1169: 1122,1354,1355,1083,1507,1751
1170: 185,227,758,219,676,347
1171: 1832,887,1273,1681,786,1633
1172: 1458,1939,920,1149,1068,2088
1173: 1836,973,1331,1070,905,901
1174: 1848,1393,1717
1175: 709,1035,633,281,916,1496
1176: 1923,1733,1474,1086,1825,1161
1177: 786,1633,367,1447,1083,576
1178: 1005,467,219,1020,1402
1179: 1263,1844,1335,1951,1695,745
1180: 1513,1887,1943,1376,1447,1507
1181: 803,755,1786,392,1306,1010
1182: 1336,881,1494,970,1489,1123
1183: 898,664,678,1562,1512,529
1184: 686,1004,159,695,487,578
1185: 1707,1732,1511,1433,1803,502
1186: 579,704,447,820,73,110
1187: 1060,1111,579,704,239,101
1188: 1249,1439,1319,734,910,1280
1189: 1540,1140,883,1260,1463,1942
1190: 1576,245,1244,772,945,1167
1191: 1356,386,598,1270,463,1602
1192: 659,1574,1609,722,1200,1066
1193: 1284,1101,1365,551,1528,934
1194: 1285,1490,1344,1552,1512
1195: 351,462,1488,731,135,248
1196: 1751,1789,1513
1197: 1066,1581,928,779,938,1671
1198: 1726,1669,1350,1359,866,967
1199: 682,163,1113,522,824,1706
1200: 1226,1671,659,1192,1066
1201: 1011,1518,1519,1509,849,1430
1202: 1333,1789,1354,1514,1641
1203: 1423,1217,1450,1380,822,925
1204: 1291,853,1453,1672,1211,964
1205: 904,72,244,264,16,1129
1206: 250,947,235,425,1103,401
1207: 1057,1481,1717
1208: 1576,245,744,637,817,1859
1209: 671,630,656,856,1297,1538
1210: 1049,910,700,587,747,1439
1211: 857,964,1204,853,1349,546
1212: 843,1045,1955,652,295
1213: 1817,1637,1241,1654,1324,1525
1214: 1425,1713,1627,1827,1882
1215: 155,1582,1643,921,1531,716
1216: 1339,1100,596,779,778,1873
1217: 1165,1203,952,1450,1380,1519
1218: 564,1012,951,743,574,759
1219: 1262,1484,1134,1367,1237,894
1220: 1977,900,848,771,1813,1764
1221: 270,621,515,205,939,419
1222: 1138,1660,2124,2101
1223: 2007,1377,2078,1445,1308,1778
1224: 270,13,621,789,142,249
1225: 687,1024,829,1030,691,783
1226: 1645,1246,1200,659,932
1227: 1323,1252,1158,698,313,1374
1228: 933,962,1384,534,1267,911
1229: 684,1109,1328,950,750,695
1230: 1919,1455,1534,1451,1711,2116
1231: 552,745,470,1340,1521,1601
1232: 958,1054,1448,1501,2086,2079
1233: 1276,877,1539,1628,795,1106
1234: 905,1699,1486,915,711,1933
1235: 1655,1997,1294,1987,879,1441
1236: 1143,851,808,470,1601,525
1237: 1676,1700,894,1219,1367,1401
1238: 919,886,1501,958,1984
1239: 1476,1329,863,1705,1059,1341
1240: 1836,1047,1331,696,1818,1823
1241: 1637,1213,1654,512,1265
1242: 158,1243,513,682,610,194
1243: 1242,682,610,1018,1415,824
1244: 961,245,1190,772,534,1589
1245: 1282,858,1537,1687,1677,1313
1246: 1645,1226,1467,932,1911,1920
1247: 1553,1091,1550,1286,2069
1248: 1052,1014,1924,1703,1725,1411
1249: 1604,834,1188,1439,1319,1591
1250: 1298,1792,1969,1600,1082,2046
1251: 1382,1792,1718,971,1554,896
1252: 1846,1323,1227,1964,1557,698
1253: 1782,1756,1772,1006,1869,1003
1254: 1456,1739,861,292,1152,98
1255: 1932,659,932,1485,1321,1574
1256: 330,111,378,309,2026,1724
1257: 1819,1166,1315,1966,1642,1748
1258: 1081,631,1050,689,545,1325
1259: 1977,1625,1107,1891,813,968
1260: 1732,2035,1942,883,1189
1261: 1098,1894,1464,706,1779,1634
1262: 1219,1484,1044,1367,790,548
1263: 1826,1495,1844,1179,552,745
1264: 803,1010,1127,1471,717,1646
1265: 1632,512,1347,1148,1241
1266: 49,794,105,280,725,1312
1267: 772,534,1493,911,469,1228
1268: 504,583,746,119,544,1424
1269: 1610,1079,1986,773,1446,1053
1270: 1028,386,598,1345,1191,1295
1271: 1384,585,1714,1029,1891,813
1272: 646,1332,438,289,984,974
1273: 1638,1681,1171,476,1633,1376
1274: 997,1840,1390,1902,2009,1998
1275: 1480,1805,1361,619,1162
1276: 1396,877,701,1233,795,880
1277: 743,1008,1352,1139,1542,951
1278: 1131,1715,2096,1566,1524,1730
1279: 1018,802,1033,210,2065,919
1280: 1404,946,734,1031,1188,1319
1281: 1728,1398,1527,1726,1669,1153
1282: 612,858,732,228,1245,1677
1283: 930,782,989,1894,1497,666
1284: 1365,551,1193,943,691,592
1285: 1194,684,1109,529,1490
1286: 284,1357,1550,1545,1247,2069
1287: 653,1121,1139,948,681,1542
1288: 1473,1753,1612,595
1289: 2121,1980,2130,1400,1988,1991
1290: 1837,2028,2084,1944,2117
1291: 1599,1386,1204,1453,1672,1377
1292: 1016,1499,1407,806,1562,1577
1293: 747,1438,1560,1570,364,700
1294: 1655,1235,1997,944,1697,1934
1295: 1028,1345,1270,887,727,1021
1296: 655,728,1101,1444,975
1297: 671,656,1209,103,988,719
1298: 1382,1250,1683,1792,1956,1082
1299: 1626,1472,756,1908
1300: 206,589,472,1409,488,57
1301: 1445,1118,1558,1907,1616,1741
1302: 377,1113,328,1685,522,1858
1303: 1921,1108,1347,1399,2112,1454,1148
1304: 646,953,438,483,1081,689
1305: 957,1482,844,1320,551,934
1306: 1181,392,1010,210,1366,369
1307: 996,394,799,926,1373,842
1308: 1445,1118,1377,1223,1672,1421
1309: 1090,1664,370,1504,1903,2049
1310: 560,484,1375,660,1141,738
1311: 1816,1931,1759,2076
1312: 725,1862,482,105,1266,498
1313: 155,1643,1537,892,858,1245
1314: 1147,1720,1480,1710
1315: 1166,1476,1329,1819,1431,1257
1316: 1624,199,2026,1724,1395,355
1317: 1830,1364,2000,1044,395,415
1318: 2123,1145,1002,1096,840,1934
1319: 834,1188,1249,1434,1404,1280
1320: 957,1305,673,1116,934,1157
1321: 1255,1485,1574,862,1479,1079
1322: 132,156,151,600,544,746
1323: 1814,1846,1252,1529,1158,1227
1324: 1817,1213,1868,1525,1037,1899
1325: 1370,545,693,959,689,1258
1326: 516,318,298,752,2043,254
1327: 564,492,1644,1503,1012,332
1328: 857,604,950,827,1229
1329: 1476,1315,1239,1341,379,1431
1330: 1564,1465,1406,1688,527,1766
1331: 1240,1836,1173,1070,1586,1823
1332: 646,1272,1104,974,1495,828
1333: 1789,1202,327
1334: 1636,2032,1744,1674,1962,2010
1335: 1953,1652,1951,1695,1659,1179
1336: 1182,1086,1494,1489,1923,1682
1337: 960,368,1429,920,1571,1068
1338: 296,1059,1461,489,1417,1578
1339: 871,1216,1100,1360,1460,596
1340: 1231,745,1521,1709,1679,1695
1341: 1059,1461,379,1329,1239
1342: 657,456,310,628,2093,2109
1343: 1361,1568,1115,1710
1344: 1592,1555,1552,2022,1194,1490
1345: 598,1270,1295,1832,887,1378
1346: 333,1077,491,255,39,801
1347: 1921,1940,1303,1148,1632,1265
1348: 972,1350,360,1052,1146,969
1349: 837,942,853,1211,546,816
1350: 1198,972,1669,1348,1359,1146
1351: 918,950,1907,2022,1109,1490
1352: 1008,1277,644,299,1805,1139
1353: 1388,892,991,751,841,1851
1354: 1169,1355,1514,1751,1789,1202
1355: 1539,1122,1354,1169,1514,1628
1356: 1039,598,1191,463,1598,815
1357: 284,1648,1900,1780,1286,1545
1358: 643,567,1031,697,946,1854
1359: 1198,1350,748,1146,218,866
1360: 1383,1339,871,1100,1693,1535
1361: 1343,1115,1387,1480,1275,1710
1362: 1888,1948,1949,1635,1606,1563
1363: 1855,1804,1647,1689,2061
1364: 1317,2000,415,599,1402
1365: 1284,1101,1193,691,728,783
1366: 1588,1646,872,369,1306,1010
1367: 1219,1262,1237,1401,1112,790
1368: 855,523,1070,373,901,590
1369: 506,789,445,249,690,615
1370: 693,248,1325,1502,479,959
1371: 1620,860,831,1128,1051,1605
1372: 497,267,2051,626,230,507
1373: 1396,701,842,996,443,1307
1374: 1929,313,705,1158,1227
1375: 1310,560,1089,464,738,1099
1376: 1633,1447,1273,476,1180,1887
1377: 1978,1223,1599,1291,1672,1308
1378: 1832,1899,1525,1039,598,1345
1379: 420,584,393,773,1053,2108
1380: 1165,1203,1217,822,413,580
1381: 1645,1460,1920,2128,2129
1382: 1298,1251,1683,1792,320,1718
1383: 2129,871,1360,2040,1391,2066
1384: 933,1228,962,1271,585,813
1385: 585,1516,657,1137,1029
1386: 1599,1291,1401,1453,1084,1676
1387: 1361,1550,1115,1553,1162
1388: 1546,991,751,1353,1835,982
1389: 1479,2063,1986,835,929
1390: 1607,1274,1998,1074,1546
1391: 1594,2040,2128,2129,1383
1392: 2023,1900,818,2014,1554,1498
1393: 1853,1174,1533,1822,1717
1394: 133,543,1065,1043,58,505
1395: 429,355,462,739,1624,1316
1396: 1373,1276,701,443,880,1437
1397: 1826,974,1824,1665,1061,984
1398: 1728,1527,1487,845,1721,1281
1399: 2092,1814,1428,1108,1303,2112
1400: 1595,1289,2003,1991,2131
1401: 1386,1453,1237,1676,1367,1112
1402: 599,185,1364,1178,219
1403: 426,535,433,792,628,805
1404: 1434,1742,946,1811,1280,1319
1405: 679,172,398,741,830,466
1406: 1448,1688,993,832,527,1330
1407: 1016,1292,1850,1552,1562,1512
1408: 49,794,876,34,81,264
1409: 206,589,956,164,1300,89
1410: 1085,1979,1994,2018,1930
1411: 1924,1703,1248,1683,1956,391
1412: 1673,1731,1556,1619,582,662
1413: 1572,1454,1148,1992
1414: 655,572,1556,975,1590,662
1415: 1018,1033,1243,610,69,663
1416: 1888,1949,1843,2073
1417: 497,2051,2001,1338,489,1578
1418: 440,1035,334,125,206,956
1419: 190,1833,814,71,56,501
1420: 7,1000,349,1013,244,1129
1421: 918,964,604,1672,1118,1308
1422: 1630,1684,834,1434,1861,658
1423: 1203,1450,1857,925,1579,1612
1424: 119,674,583,1268,359,1449
1425: 1214,1470,644,1713,1627,653
1426: 575,1551,939,419,1135,1883
1427: 977,724,367,576,625,1435
1428: 1814,1846,2092,2053,1399,1995
1429: 1678,1091,960,1337,920
1430: 1518,1201,849,1794,2133
1431: 1819,1508,1839,379,1315,1329
1432: 1475,475,1471,464,1587,177
1433: 1951,1803,1185,502,1824,1844
1434: 1404,1811,834,1319,1422,1861
1435: 1122,1628,1427,367,877,625
1436: 136,1928,846,2097,904,72,280
1437: 844,880,443,1396,869,672
1438: 1560,1570,1293,1765,2054,1769
1439: 1188,1249,1591,1210,910,747
1440: 1150,930,989,1001,1041,2087
1441: 2045,2002,879,1897,1235,1987
1442: 864,881,1494,637,1128,1859
1443: 7,1967,349,137,122,325
1444: 315,602,370,1296,975
1445: 1301,1118,1741,1308,1778,1223
1446: 773,1982,549,1610,1269,376
1447: 1633,1376,1177,1083,1507,1180
1448: 1406,958,1054,993,832,1232
1449: 1024,1424,1030,583,359,865
1450: 1203,1423,1217,952,1612,595
1451: 1230,1455,1881,1506,2116,1808
1452: 490,726,764,1493,396,945
1453: 1386,1204,1291,853,1401,1112
1454: 1413,1572,2112,1988,1148,1303
1455: 1230,1966,1534,1451,1748,1881
1456: 266,1254,1739,302,861,65
1457: 1825,1573,1003,2059,2030,1161
1458: 1172,524,920,1149,1678,1075
1459: 1600,1082,1812,313,705
1460: 1381,1645,596,2129,1339,871
1461: 1338,1341,379,1002,1578
1462: 1768,334,347,1496,1690,357
1463: 1957,1543,1548,1942,1140,1189
1464: 1261,1779,1634,1531,1160,978
1465: 992,1564,1330,2057,1711,1766
1466: 927,1034,1985,1740,1559,1777
1467: 1822,890,1932,932,1911,1246
1468: 687,1024,405,453,865
1469: 1623,1508,1839,1145,1697,729,1575
1470: 1425,1627,1584,1709,653,1121
1471: 1127,1475,1432,1264,177,717
1472: 1694,1626,999,1299,1675,756
1473: 1288,1612,1820,1579
1474: 2062,1756,864,1086,1161,1176
1476: 1166,1315,1023,1329,863,1239
1477: 699,605,1025,80,130,606
1478: 69,1976,730,663,2086,2079
1479: 1389,1079,1986,1485,1321,929
1480: 1314,1147,1275,1710,1361
1481: 1207,1057,835,1757,986,1853
1482: 1305,844,869,1517,592,551
1483: 1151,1041,1138,2087,1606,1563
1484: 1497,1219,1262,1134,1044,395
1485: 1932,1255,1321,929,1479,1533
1486: 1699,879,1133,1234,915,1655
1487: 1398,845,1721,906,1781,1880
1488: 1195,429,462,611,248,1502
1489: 1336,1182,364,1123,1682,1560
1490: 1194,1109,1285,1351,1344,2022
1491: 2049,1845,1743,1903
1492: 1532,601,719,797,428,784
1493: 772,1267,396,469,945,1452
1494: 1336,1182,864,1086,881,1442
1495: 1826,974,1263,552,1332,828
1496: 1462,334,357,281,1175,1035
1497: 1484,1134,395,782,1283,666
1498: 1892,2014,2023,1392
1499: 1938,1016,1292,665,806,986
1500: 1798,1555,1558,1616
1501: 663,2079,1033,919,1238,958,1232
1502: 1370,248,479,459,611,1488
1503: 492,1327,1597,990,332,575
1504: 602,370,1618,1903,1885,1309
1505: 2006,1761,1703,1725,1153,1527
1506: 2119,2116,1451,1808
1507: 1447,1083,1180,1513,1169,1751
1508: 1819,1623,1431,1829,1469,1839
1509: 1519,1201,849,685,1950,1165
1510: 2063,1884,806,1577,1757
1511: 1707,1185,878,1803
1512: 1183,1562,1552,1194,1407
1513: 1180,1943,1507,1751,1196
1514: 1539,1354,1355,1202,1520,1641
1515: 1878,1072,1093,568,494,1119
1516: 928,938,2093,1137,1385
1517: 869,517,600,1482,592
1518: 1011,1201,1430,1794,1852,1621
1519: 1011,1509,1201,1165,1217,952
1520: 1105,1641,1106,1760,1539,1514
1521: 1231,470,1340,1709,1121,948
1522: 1657,1911,2011,1920
1523: 1861,1662,1820,1579,1857,1811
1524: 1614,1885,1730,1278,1618,1566
1525: 1213,1654,1324,1039,1378,1899
1526: 612,858,781,155,1582,843
1527: 1398,845,1281,2006,1505,1153
1528: 1101,1193,934,1157,315
1529: 1814,1323,1158,1108,1156
1530: 307,1125,109,187,931
1531: 921,1215,1464,1779,978,716
1532: 874,601,1492,428,478,1828
1533: 1853,1822,1393,1932,1485,929
1534: 1230,1966,1455,1711,1766,1810
1535: 1889,1693,1847,1100,1360,1801
1536: 1127,531,335,803,1786
1537: 892,751,1687,1763,1313,1245
1538: 809,1729,1598,671,630,1209
1539: 1355,1514,1628,1233,1520,1106
1540: 1665,1032,1140,883,1061,1189
1541: 150,139,474,122,152,1603
1542: 1139,1287,681,951,1277,541
1543: 1957,2009,1548,982,1463,1998
1544: 1990,1971,1547,1663
1545: 1550,1568,1115,1357,1780,1286
1546: 1388,991,1390,982,1998,1074
1547: 1663,2039,1856,1544
1548: 1543,2009,2005,1463,1942,949
1549: 2121,2092,1126,2053,2130
1550: 1115,1545,1387,1286,1553,1247
1551: 1163,419,1426,1135,713,811
1552: 1592,1344,1194,1407,1850,1512
1553: 1247,1162,907,1091,1071,1550,1387
1554: 2014,971,1392,818,896,1251
1555: 1592,1344,1798,1500,2022,1558
1556: 1799,1590,1668,1414,662,1412,1731
1557: 1952,1964,1696,1846,1252,1995
1558: 1301,1907,1616,1555,1500,2022
1559: 1700,894,2016,1034,1466,1777
1560: 1438,1293,1489,364,1682,1769
1561: 1596,1621,952,1011,1753,595
1562: 898,1183,1577,1512,1292,1407
1563: 1362,1948,1606,1647,1151,1483
1564: 588,1752,1465,1330,2057,1688
1565: 528,436,198,144,1947,801
1566: 1618,2068,909,2096,1278,1524
1567: 2091,1117,1636
1568: 1343,1115,1545,1780
1569: 2134,1975,2037,1791
1570: 1735,747,1438,1293,1765,1591
1571: 1068,941,825,343,1337,368
1572: 1413,1454,1988,1991,1961,1992
1573: 1457,2059,2030,1886,2064,1856
1574: 659,1255,1321,862,1192,1609
1575: 987,729,1067,1697,1469
1576: 245,1190,1208,637,1167,831
1577: 898,1562,1292,806,1510,1884
1578: 1002,1096,1417,2001,1338,1461
1579: 1523,1820,1857,1423,1473,1612
1580: 144,651,235,1947,250,1608
1581: 1066,1197,938,791,722,634
1582: 155,1215,1526,652,716,843
1583: 201,181,1737,99,452,436
1584: 1650,1709,1679,1773,1470,1627
1585: 897,1144,455,1125,591,406
1586: 1070,373,636,1865,1823,1331
1587: 643,177,464,1432,647,1099
1588: 753,413,580,1646,1366,872
1589: 1625,848,962,534,961,1244
1590: 1799,1090,1556,975,1414
1591: 1604,1249,1439,1735,747,1570
1592: 1344,1798,1555,1552,1666,1850
1593: 2102,2127,2085,2115,937,2055
1594: 1783,2040,1391,2128,2011
1595: 1400,2003
1596: 1561,1621,1970,1753
1597: 2036,524,1149,492,1503,575
1598: 809,815,1538,671,1356,463
1599: 1386,1291,999,1084,1377,1978
1600: 2115,937,1082,1812,1459,1250
1601: 552,1231,470,1236,1143,828
1602: 988,874,601,386,1191,463
1603: 150,474,1541,294,468
1604: 834,1249,1591,1735,1630
1605: 1620,1371,1051,669,891,1698
1606: 1362,1635,1563,1483,2087,1895
1607: 1390,1902,1038,2101,1074
1608: 250,935,198,1580,1947,26,675
1609: 722,584,922,1574,862,1192
1610: 1269,376,2063,1986,1884,1446
1611: 1688,832,1984,1901,1752
1612: 1473,1288,595,1423,1450,1579
1613: 1038,723,1074,383,991,841
1614: 1524,1743,1885,1730
1615: 76,381,2027,624,2058,2025,20
1616: 1301,1558,1741,1500
1617: 554,1796,247,188,1022,314
1618: 602,1504,2068,1566,1524,1885
1619: 711,973,582,895,1412,1673
1620: 1371,1128,1605,891,881,970
1621: 1596,1561,1852,1970,1011,1518
1622: 741,2089,466,2105,569,902
1623: 1829,1469,1508,729,1649
1624: 199,1316,332,739,1644,1395
1625: 1977,1259,848,1589,813,962
1626: 1694,1017,1472,1299
1627: 1214,1425,1470,1827,1584,1773
1628: 1539,1122,1355,1435,877,1233
1629: 1656,2070,2082,2083,1896
1630: 1422,1684,1716,1604,834
1631: 2052,2132,1774,1983,1800,1076
1632: 809,1729,512,1265,1347,1940
1633: 786,1376,1177,1447,1273,1171
1634: 1894,1464,1261,1160,1830,666
1635: 1362,1949,1606,1712,1985,1895
1636: 2032,1334,1117,2010,1567
1637: 1817,1992,1213,1241,1755
1638: 1037,1273,1681,787,1875,476
1639: 1931,1917,510,1996,997,1840
1640: 2041
1641: 1520,1760,2096,1514,1202,1715
1642: 1748,1809,1686,1819,1257,1829
1643: 155,1313,921,1215,1851,892
1644: 1327,1012,416,739,1624,332
1645: 1381,1246,1460,1226
1646: 753,1588,1366,1010,1264,717
1647: 1363,1804,2061,1948,1563,1151
1648: 2023,1357,1900,1780
1649: 729,2060,1623,1829,1686,2070
1650: 1584,1914,1679,1773,1659
1651: 807,2024,1716
1652: 1335,1953,2004,1914,1659
1653: 2100,1889,1069,2099,2091
1654: 1213,1241,1525,512,815,1039
1655: 1235,944,1294,879,1133,1486
1656: 1629,2082,2083
1657: 1522,1911,890
1658: 1815,1989,1762,1817,1755,1868
1659: 1650,1914,1679,1695,1335,1652
1660: 1151,1138,1222,1015,1804,1797
1661: 298,2107,98,96,1893
1662: 1861,658,1523,1820
1663: 1547,1856,2059,1749,1544,1971
1664: 1799,1090,1309,2049,1834
1665: 1540,1032,1061,1397,173,984
1666: 1592,1798,1670,1850
1667: 1831,2024,1945,2033
1668: 1799,1556,1155,1731,1975
1669: 1198,972,1726,1153,1350,1281
1670: 1016,665,1850,1666
1671: 1200,596,1066,1197,779
1672: 1204,1291,1377,1308,1421,964
1673: 1048,800,895,1412,1731,1619
1674: 1744,1334,1962,900,1042,1764
1675: 1694,1775,999,1472,1084,2047
1676: 1237,1084,2047,1700,1386,1401
1677: 1687,555,632,1282,732,1245
1678: 1429,907,1091,1075,1458,920
1679: 1650,1584,1709,1695,1659,1340
1680: 2037,1164,1876,1838,1963
1681: 1832,1037,1273,1638,1899,1171
1682: 1923,966,1769,1336,1489,1560
1683: 1298,1382,320,1956,1924,1411
1684: 1422,1630,1716,658
1685: 1302,1113,328,335,755,1786
1686: 1642,1809,1896,1829,1649,2070
1687: 555,1677,785,1763,1537,1245
1688: 1406,1611,832,1564,1752,1330
1689: 2061,2090,2113,1363
1690: 1462,1768,334,125,150
1691: 2067,2100,2099
1692: 960,896,873,368,1718
1693: 1889,2099,1535,2066,1360,2067
1694: 1017,1626,1775,1472,1675,1930
1695: 1679,1659,1335,1179,745,1340
1696: 2034,1936,1952,1958,1557,1995
1697: 1997,1294,1934,1145,1469,1575
1698: 669,243,538,526,1051,1605
1699: 905,1133,1234,1486,901,590
1700: 1237,1676,2047,894,1559,2016
1701: 893,1902,1015,2050,1797
1702: 1815,924,1961,1992,1755
1703: 1248,1725,1411,391,1761,1505
1704: 184,1747,65,302,110,447
1705: 1059,730,2086,1054,863,1239
1706: 802,824,1113,1199,755,392
1707: 1746,1732,1185,1511,2035
1708: 140,1056,351,355,2026,378
1709: 1584,1679,1470,1340,1521,1121
1710: 1314,1480,1343,1361
1711: 1919,1230,1534,1766,992,1465
1712: 1722,1985,2073,1949,1635,1981
1713: 1214,1425,644,1882,299
1714: 1754,1029,1877,1271,670,1891
1715: 327,1131,1278,1641,2096
1716: 1630,1684,1651
1717: 1853,1174,1393,1207
1718: 1382,1251,320,1692,896,368
1719: 1046,1898,1922,2021
1720: 1314,1147,1882
1721: 1728,1398,1487,1781,630,856
1722: 1879,1712,1034,1985,1981,1979
1723: 2048,1972,992,1919,2125
1724: 309,1905,199,2026,1316,1256
1725: 1052,1703,1248,1505,972,1153
1726: 1198,1669,1728,1281,967,603
1727: 1110,1962,968,2010,1107
1728: 1398,1721,1281,1726,856,603
1729: 809,1632,1538,1781,1940,630
1730: 1524,1614,1131,1278
1731: 800,1412,1673,1155,1556,1668
1732: 1707,1260,1185,2035,883,502
1733: 1923,1114,966,1749,1176,1825
1734: 1852,1970,1916,2118
1735: 1570,1765,1604,1591,807
1736: 526,500,518,131,538,514
1737: 255,201,1583,436,801
1738: 2111,1871,838,1869,1993,1006
1739: 1254,821,1456,1027,302,292
1740: 1150,930,782,927,1466,1777
1741: 1301,1445,1616,1778
1742: 1857,925,1404,946,1854,1811
1743: 1614,1903,1885,1491
1744: 2032,1334,1870,1909,1674,1042
1745: 1990,1945,2033,1971,1114,1750
1746: 985,1707,2035
1747: 184,409,1704,126,110,638
1748: 1642,1809,1881,1257,1966,1455
1749: 1114,1733,1825,2059,1663,1971
1750: 1114,966,1769,2054,1745,2033
1751: 1196,1789,1507,1513,1354,1169
1752: 1564,588,1611,1688,2133
1753: 1288,595,1596,1561
1754: 778,1714,1877,1801,1954,670
1755: 1817,1992,1637,1815,1702,1658
1756: 1253,1782,2062,1474,1003,1161
1757: 1481,835,986,806,1510
1758: 1875,476,1887
1759: 1311,1931,510,2076,2019
1760: 1520,1105,909,1641,2096
1761: 2006,391,705,1505,1703
1762: 1658,1989,1868,787
1763: 1687,995,785,1537,751,1835
1764: 1042,1813,1102,900,1220,1674
1765: 1735,1438,1570,2054,1831,807
1766: 1534,1711,1810,527,1465,1330
1767: 1849,1062,1048,1876,1963,1910
1768: 1462,347,1690,1130,676
1769: 966,1750,1682,1438,1560,2054
1770: 446,384,225,434,146,123
1771: 554,96,247,2080,390,2107
1772: 1813,1102,1006,777,1253,1782
1773: 1650,1584,1627,1827
1774: 1849,2017,1983,1910,1800,1631
1775: 1694,1675,1930,1879,2047,2016
1776: 588,2057,1794,1916,1972
1777: 1134,1466,1740,782,894,1559
1778: 1445,1741,2007,1223
1779: 742,1464,1261,706,921,1531
1780: 1357,1648,1568,1545
1781: 1880,1940,1487,1721,630,1729
1782: 777,1253,2062,817,1756,1772
1783: 1594,2040,1946
1784: 1867,2060,2071,2082
1785: 1959,1809,1896,1881,1821,1808
1786: 803,755,1181,335,1685,1536
1787: 539,92,424,318,390,752
1788: 133,465,543,2044,434,1935
1789: 1333,1751,1196,1202,1354
1790: 2111,2104,2081,1806
1791: 1845,1834,1569,1975
1792: 1298,1382,1250,1251,971,1969
1793: 2077,1076,2020,2084,1944
1794: 1518,1430,2133,588,1776,1852,1916
1795: 2119,2125,2116
1796: 1617,247,1968,1022,1913,477
1797: 1015,1701,1660,2101
1798: 1592,1555,1666,1500
1799: 1090,1556,1590,1668,1664
1800: 2045,2077,1076,1774,2017,1631
1801: 1754,778,1100,1847,1535,1954
1802: 954,526,500,736,460,243
1803: 1953,1433,878,1951,1185,1511
1804: 1363,1015,1647,1151,1660
1805: 1147,299,1275,619,1008,1352
1806: 2015,2110,1790,2104
1807: 197,1144,272,2108,393,1087
1808: 1821,1451,1785,1881,1506
1809: 1642,1748,1785,1896,1881,1686
1810: 1966,1534,1766,1166,1023,527
1811: 1434,1857,1404,1742,1861,1523
1812: 937,1600,1459,698,2038,313
1813: 1102,1772,1764,1220,771,777
1814: 1846,1323,1428,1529,1399,1108
1815: 1702,1658,1989,924,1755
1816: 1311,1931,1917,2021
1817: 1637,1213,1755,1868,1324,1658
1818: 572,707,829,696,1240,1047
1819: 1431,1257,1829,1508,1315,1642
1820: 1662,1523,1579,1473
1821: 2106,1808,1959,1785
1822: 1533,1848,1393,1467,890,1932
1823: 1586,1865,696,405,1240,1331
1824: 1397,1826,1844,1433,1061,502
1825: 1457,2059,1161,1733,1749,1176
1826: 1397,974,1263,1495,1824,1844
1827: 1214,1627,1773
1828: 361,486,478,581,1532
1829: 1819,1623,1508,1649,1642,1686
1830: 1160,1317,666,2000,1634,395
1831: 1667,807,2024,1765,2054,2033
1832: 887,1681,1378,1899,1171,1345
1833: 1419,814,71,836,286,181
1834: 2049,1791,1845,1664,1975
1835: 1388,751,1957,982,995,1763
1836: 1240,1047,973,582,1173,1331
1837: 1290,2098,1944,1874,1867,2103
1838: 1960,1963,1680
1839: 1431,1469,1508,2123,1145
1840: 997,893,1902,1274,1639,510
1841: 2032,1870,1863,1904
1842: 2041,1892,2014,971,1969,1026
1843: 2073,1925,1416
1844: 1826,1263,1824,1179,1433,1951
1845: 2049,1791,1491,1834
1846: 1814,1323,1428,1252,1557,1995
1847: 1889,1069,1535,1801,1110,1954
1848: 1174,1822,890
1849: 776,1774,1062,2017,1767,1910
1850: 1670,1016,1407,1592,1552,1666
1851: 1643,921,892,1353,841,742
1852: 1621,1970,1734,1518,1794,1916
1853: 1533,1393,1717,1481,835,929
1854: 925,1742,946,1358,697,822
1855: 1363,1015,2050
1856: 1547,2064,1663,2039,1573,2059
1857: 925,1742,1811,1423,1523,1579
1858: 377,1302,328,839,1094
1859: 2062,817,1208,637,864,1442
1860: 1961,2131,924
1861: 658,1662,1523,1434,1811,1422
1862: 461,82,683,725,1312,482
1863: 1841
1864: 614,635,1912,168,336,385
1865: 352,1586,636,1823,405,453
1866: 1904,2081,1870,1909,838
1867: 987,1784,2103,1837,2098,2071
1868: 1817,1324,1658,1762,1037,787
1869: 1738,1871,1006,1253,1003,2030
1870: 1841,2032,1744,1909,1866,1904
1871: 2111,1738,1886,1869,2104,2030
1872: 614,635,769,760,577,549
1873: 1137,778,1877,928,779,1216
1874: 2002,1987,2103,1067,1837,1944
1875: 787,1758,476,1638
1876: 1048,800,1680,1164,1767,1963
1877: 1754,1137,778,1714,1029,1873
1878: 1072,1093,441,1515,967
1879: 1722,1034,1979,1930,1775,2016
1880: 1781,1921,1156,1940,1487,906
1881: 1748,1785,1809,1455,1451,1808
1882: 1214,1713,1720
1883: 575,939,1426,1905,990
1884: 1610,1510,376,2063,1154,898,1577
1885: 1524,1743,1614,1903,1504,1618
1886: 1871,2104,1573,2030,2110,2064
1887: 1180,1943,1758,476,1376
1888: 1416,1362,1948,1949,2042
1889: 1653,1693,1069,1847,2099,1535
1890: 560,484,1974,736,174,460
1891: 1259,813,1714,1271,670,968
1892: 2041,1842,2014,1498
1893: 96,1968,571,1152,1661,98
1894: 1098,1261,1634,1283,989,666
1895: 927,1635,1606,2087,1150
1896: 1959,1785,1809,1686,1629,2070
1897: 776,2017,879,915,1441,2045
1898: 1719,1046,1917,2021,1996
1899: 1832,1037,1681,1378,1324,1525
1900: 284,2023,1357,1648,1392,818
1901: 685,886,1611,1984,849
1902: 1840,893,1607,1701,1274
1903: 1743,1885,1504,1309,2049,1491
1904: 1866,1841,1870
1905: 309,990,199,1724,1883
1906: 288,307,128,109,204,1055
1907: 1301,1118,1558,918,1351,2022
1908: 2007,2078,756,1299
1909: 1744,1870,1042,1993,1866,838
1910: 1960,1963,1983,1849,1774,1767
1911: 1657,1522,1920,1467,890,1246
1912: 168,1973,511,209,1864,385
1913: 935,1022,412,26,1796
1914: 1650,1659,1652
1915: 136,148,1928,195,350,804
1916: 1972,2118,1794,1776,1852,1734
1917: 1816,1931,1639,2021,1996,1898
1918: 2121,1126
1919: 1230,1711,992,1723,2125,2116
1920: 1522,1911,2011,1381,1246,2128
1921: 1108,1347,1880,1156,1940,1303
1922: 1719,1046,2029,985
1923: 966,1733,1682,1176,1336,1086
1924: 1014,1248,1411,1683,320,825
1925: 1843,2073,1085,1981
1926: 1952,1958,2114,2072
1927: 558,727,977,724,926,2008
1928: 136,1915,1436,2097,82,195
1929: 2006,1374,1158,845,906
1930: 1410,1979,1879,1694,1017,1775
1931: 1311,1816,1759,1639,1917,510
1932: 1255,932,1485,1533,1822,1467
1933: 776,1062,711,895,1234,915
1934: 944,1294,1697,1318,1145,840
1935: 225,38,409,465,1788,638
1936: 2034,1696,1126,2053,1995
1937: 190,814,566,1009,793,12
1938: 1499,665,1057,986
1939: 1172,2036,1149,645,2088,1135,811
1940: 1781,1921,1347,1880,1729,1632
1941: 679,398,231,403,2012,424
1942: 1548,1463,949,1260,1189
1943: 1180,1513,1887
1944: 1837,1290,1793,1874,2002
1945: 1745,1990,2033,1667
1946: 2067,1783,2040,2066
1947: 144,1580,1565,198,1608
1948: 1362,1888,1563,2042,2061,1647
1949: 1416,1362,1888,1635,2073,1712
1950: 685,540,413,872,1165,1509
1951: 1335,1953,1433,1803,1844,1179
1952: 1958,1964,1557,1926,2114,1696
1953: 1335,1652,878,1951,1803,2004
1954: 1110,670,1754,1801,1847
1955: 843,1212,203,1095,781
1956: 1298,1683,1082,1411,391
1957: 1543,982,1463,1140,1835,995
1958: 1952,1926,2034,1696
1959: 1785,1896,1821,2106,2094
1960: 1838,1963,1983,1910
1961: 1860,1991,2131,1572,1702
1962: 1727,2010,900,1107,1334,1674
1963: 1838,1960,1910,1876,1680,1767
1964: 1952,1557,2114,698,2038,1252
1965: 976,418,1087,420,1040,393
1966: 1455,1534,1810,1166,1257,1748
1967: 1443,931,349,1973,325,187
1968: 96,1796,247,1893,571,477
1969: 1842,971,1026,1250,1792,2046
1970: 1596,1852,1621,1734
1971: 1544,1745,1990,1114,1749,1663
1972: 2048,1916,1723,1999,2118,992,1776,2057
1973: 1912,511,325,187,209,1967
1974: 560,1089,823,1890,382,174
1975: 2134,1569,1668,1791,1834,1155
1976: 69,730,1478,1088,875,763
1977: 900,1220,1625,1107,1259,848
1978: 1377,2078,756,999,1599
1979: 1410,1085,1981,1930,1879,1722
1980: 2092,1289,2130,2112,1988
1981: 1085,1979,2073,1925,1712,1722
1982: 773,272,1446,336,614,549
1983: 1960,1910,1774,1631
1984: 958,1611,832,886,1901,1238
1985: 927,1712,1722,1034,1466,1635
1986: 1610,1389,1269,1479,1079,2063
1987: 1235,1997,1874,1441,2002,1067
1988: 1572,2112,1454,1289,1980,1991
1989: 1815,1658,1762
1990: 1544,1745,1945,1971
1991: 1961,2131,1289,1400,1572,1988
1992: 1637,1755,1413,1572,1702
1993: 1042,1102,1006,1909,1738,838
1994: 1410,2018,1017
1995: 2053,1557,1936,1696,1846,1428
1996: 1639,1917,1898,997,2005
1997: 1235,1294,1697,1987,1067
1998: 1543,2009,982,1390,1274,1546
1999: 2048,1972,2118
2000: 618,1160,1830,1317,1364
2001: 1159,899,2051,1417,1096,1578
2002: 1874,1441,2045,2077,1987,1944
2003: 2131,1595,1400
2004: 1953,1652,878
2005: 2009,1548,1996,949,997
2006: 1929,1761,1505,1527,845
2007: 2078,1223,1908,1778
2008: 361,799,558,926,1927
2009: 1543,2005,1548,1998,997,1274
2010: 1110,1962,1117,1727,1636,1334
2011: 1522,1920,1594,2128
2012: 539,424,865,1941,403
2013: 566,104,850,714,1009,762
2014: 1842,1892,971,1554,1498,1392
2015: 1806,2110
2016: 2047,1700,1559,1879,1034,1775
2017: 1849,776,1897,1774,1800,2045
2018: 1410,1085,1994
2019: 1759,510,2050,893
2020: 2052,1793,1076,2084
2021: 1816,1917,1719,1898
2022: 1344,1555,1558,1907,1351,1490
2023: 1648,1392,1900,1498
2024: 1831,1667,807,1651
2025: 123,297,20,1615,2058,446
2026: 1316,1724,355,1708,1256,378
2027: 1615,624,461,442,20
2028: 1290,2084,2117
2029: 949,1046,1922,985,2035
2030: 1573,1457,1003,1886,1871,1869
2031: 914,418,634,1040,791,456
2032: 1636,1841,1744,1334,1870
2033: 1745,1945,1750,2054,1831,1667
2034: 1936,1696,1958
2035: 985,1707,1746,1732,1260,2029
2036: 1939,1597,1149,575,1135
2037: 2134,1680,1569
2038: 1964,2114,698,2055,937,1812
2039: 1547,2064,1856
2040: 1783,1594,1391,2066,1383,1946
2041: 1842,1892,1026,1640
2042: 2061,2113,1888,1948
2043: 752,1326,830,254,398
2044: 133,465,116,1788,180
2045: 1441,1800,2002,2077,1897,2017
2046: 2115,1969,1026,2102,1250
2047: 1084,1676,1700,2016,1775,1675
2048: 1723,1972,1999,2125
2049: 1491,1845,1834,1903,1309,1664
2050: 1855,1015,2019,893,1701
2051: 497,1372,1417,2001,899,507
2052: 1631,2020,2132,1076
2053: 1549,2092,1126,1995,1936,1428
2054: 1438,1765,1750,1769,2033,1831
2055: 2114,2038,1593,2072,2085,937
2056: 741,2089,101,830,1078,254
2057: 992,1564,588,1776,1465,1972
2058: 76,1615,274,2025,446
2059: 1825,1573,1457,1749,1663,1856
2060: 987,1784,729,1649,2082
2061: 1689,2042,2113,1363,1647,1948
2062: 1782,1474,817,1756,1859,864
2063: 1610,1389,1510,1986,1884
2064: 2039,1856,1886,1573,2110
2065: 919,886,2126,1279,210,369
2066: 2040,1383,2067,1946,1693
2067: 1691,1946,2066,1693,2099
2069: 960,873,284,1286,1247
2070: 1629,2082,1649,1896,1686
2071: 2098,1784,1867,2120
2072: 2085,1926,2114,2055
2073: 1843,1925,1416,1949,1981,1712
2074: 1009,762,793,121,407
2075: 2127,2085
2076: 1311,1759
2077: 1793,1800,2045,2002,1076
2078: 2007,1978,756,1223,1908
2079: 1501,1478,663,2086,1232
2080: 754,674,554,1771,390,92
2081: 1866,1790,2111,838
2082: 1656,1629,2070,1784,2060
2083: 1656,1629,2135
2084: 2028,1290,1793,2020
2085: 2072,2075,1593,2055
2086: 730,1478,2079,1705,1054,1232
2087: 1041,1483,1606,1895,1150,1440
2088: 1068,941,645,1172,1939
2089: 741,101,2056,1622,1111,902
2090: 1689,2095,2113
2091: 1567,1653,1069,1117
2092: 1549,2053,1399,1980,2130,1428
2093: 657,456,1342,1516,938,791
2094: 2135,1959,2106
2095: 2090,2113
2096: 909,1641,1760,1278,1715,1566
2097: 1436,1928,280,82,725
2098: 1837,2071,2117,1867
2099: 2100,1653,1889,1693,2067,1691
2100: 1653,2099,1691
2101: 2124,1038,1797,1607,1222
2102: 1026,2127,1593,2115,2046
2103: 987,1867,1067,1874,1837
2104: 1790,2111,1886,1871,1806,2110
2105: 569,466,1622,810,616
2106: 1821,1959,2094
2107: 318,298,390,1661,96,1771
2108: 773,272,1807,393,1379
2109: 657,1342,628,792,933
2110: 1806,2015,1886,2104,2064
2111: 1790,1738,1871,838,2104,2081
2112: 1454,1988,1399,1980,1303
2113: 1689,2042,2061,2090,2095
2114: 1952,1964,1926,2055,2038,2072
2115: 937,1600,2046,2102,1593
2116: 1506,1795,2125,1919,1230,1451
2117: 2028,1290,2098
2118: 1916,1972,1999,1734
2119: 1506,1795
2120: 2071
2121: 1549,1289,2130,1918
2122: 72,244,1000,204,846
2123: 1318,379,1145,1002,1839
2124: 1136,1038,2101,723,1222
2125: 1795,2116,1919,2048,1723
2126: 2065,685,886,540,369
2127: 2075,2102,1593
2128: 1594,1391,2011,1920,1381,2129
2129: 1383,871,1381,1460,1391,2128
2130: 1549,2121,2092,1289,1980
2131: 2003,1860,1991,1961,1400
2132: 2052,1631
2133: 1430,1794,588,1752
2134: 1569,1975,2037,1164,1155
2135: 2094,2083