447: 1027,65,184,110,704,1186
1: 118,6,78,261,186
90: 83,19,211,372,224,283
313: 698,1459,1227,1374
241: 712,217,557,124,641,702
5: 1064,94,422,371,55,338
6: 1,78,100,261,66,329
7: 1443,349,1420,152,1013
8: 482,381,912,624,1019,498
9: 24,404,84,338,287,23
10: 160,410,113,171,118
64: 402,246,259,42,317,340
12: 160,113,53,566,190,793
13: 363,621,249,1224,93,303
14: 258,165,153,77,61,233
15: 288,455,406,688,703,668
16: 34,1129,1205,264,589,164
17: 276,44,32,63,157,226
18: 414,617,774,114,380,229
19: 83,623,356,90,283,149
20: 442,624,812,297,446
21: 358,41,423,257,530,389
22: 276,32,319,232,532,94
23: 33,913,981,9,404,287
24: 854,55,388,9,84,338
25: 227,940,448,955,917,676
26: 651,235,198,675,250,935
27: 278,283,192,149,780,112
28: 384,225,434,354,38,259
29: 46,768,287,86,220,33
30: 620,692,642,242,277,520
31: 176,721,263,182,237,345
32: 17,276,22,371,63,94
33: 23,220,212,913,287,29
34: 16,264,589,81,472,1408
35: 258,77,608,216,557,124
36: 622,530,389,421,650,324
37: 255,207,648,491,766
38: 409,246,638,259,28,225
39: 651,85,333,1346,144,801
40: 323,326,458,346,167,260
41: 358,45,21,389,410,547
42: 340,885,485,64,402,266
43: 207,766,308,286,166,836
44: 17,276,143,108,300,226
45: 358,41,108,226,410,171
46: 735,29,317,768,340,220
47: 812,573,95,297,256,1073
48: 344,121,91,457,435,221
49: 794,138,1408,105,876,1266
52: 333,1058,304,936,519,85
53: 104,324,566,12,547,113
54: 102,240,79,319,450,143
55: 24,388,338,371,88,5
56: 66,649,337,501,71,78
57: 102,79,472,120,1300,488
58: 570,1065,1394,346,141,1043
59: 804,683,162,195,196,145
60: 278,149,356,735,768
61: 77,14,233,70,179,293
99: 649,290,71,181,201,452
63: 17,371,32,157,186,88
65: 266,1027,447,302,184,402
66: 154,329,649,56,6,78
67: 312,608,733,561,557,702
68: 116,570,1065,903,200,215
69: 663,1478,875,610,1415
70: 765,183,216,179,77,61
71: 1419,501,181,649,99,56
72: 904,244,1205,204,846,1436
73: 639,493,126,110,820,1186
74: 559,536,503,819,127,565
203: 843,1095,473,677,847
76: 381,274,913,981,446
77: 258,14,35,61,216,70
78: 1,6,337,66,56
79: 54,102,240,57,331,120
80: 605,130,1477,411,622,421
81: 102,450,472,34,1408,876
82: 725,195,280,136,1436
83: 623,19,90,675,998,224
84: 854,24,9,287,86,780
85: 519,1080,651,39,52,333
86: 278,780,84,287,29,768
87: 1077,767,282,275,648,491
88: 261,186,371,63,55,388
89: 956,164,1409,139,152,1013
91: 344,308,121,407,48,362
92: 539,359,390,674,318,752
93: 253,303,362,363,13,344
94: 532,5,422,22,371,32
95: 812,573,47,765,179,115
96: 390,98,554,318,298,1254
97: 176,263,473,536,503,238
98: 96,247,554,571,1152,1254
100: 6,261,329,854,388,192
101: 741,830,1078,1187,1111,1060
102: 54,79,57,450,81,472
103: 1072,1119,797,441,656,719
104: 650,53,850,324,566
105: 49,138,1266,236,498,1312
106: 623,998,833,412,1063,477
107: 265,571,485,861,1063,1152
108: 358,365,45,300,226,44
109: 307,1055,1530,931,349,1000
110: 184,409,447,126,73,1186
111: 205,435,330,221,1256,515
112: 211,154,329,283,192,27
113: 10,12,160,410,547,53
114: 1058,304,767,774,18,380
115: 765,145,162,442,812,95
116: 133,465,68,1065,903,180
204: 128,846,1000,72,244,1055
118: 1,186,10,171,157
119: 234,544,1268,674,1424,754
120: 627,331,269,488,79,57
121: 1009,407,91,48,457,762
122: 139,474,152,468,408,137
123: 384,434,146,274,446
124: 241,557,641,258,449,35
125: 139,474,334,150,956,1418
126: 639,73,180,409,638,110
127: 74,503,605,565,175,411
128: 204,366,148,846,288,688,1055
129: 166,253,161,282,207,648
130: 606,80,1477,223,980,622
131: 538,526,514,661,726,471
132: 430,178,397,151,156,1322
133: 465,116,1065,1394,543
134: 1475,475,531,437,382,823
135: 963,693,248,1195,1025,731
136: 350,148,804,195,82
137: 325,1443,408,122,152,353
138: 49,105,876,232,236,532
139: 125,474,122,152,956,89
140: 400,1056,355,378,330,285
141: 346,1043,316,167,268,58
142: 270,1224,1163,923,789,322
143: 276,44,300,54,240,319
144: 528,436,198,801,651,39
145: 196,765,183,115,59,162
146: 543,123,434,505,1073
147: 178,156,188,1103,314,234
148: 350,136,366,128,846
149: 278,283,27,60,356,19
150: 1130,334,1462,125,294,474
151: 430,132,1322,517,710,600
152: 139,122,89,7,137,1013
153: 258,165,449,14,514,518
154: 211,112,66,329,649,290
155: 612,858,716,1215,652,1526
156: 178,132,147,1322,234,544
157: 17,63,226,171,118,186
158: 513,1242,682,163,306
159: 448,955,1004,1184,578,222
160: 10,12,337,113,190
161: 129,253,303,282,252,615
162: 59,683,461,442,145,115
163: 158,682,1199,306,522,508
164: 589,89,1409,1013,16,1129
165: 153,14,233,867,518,170
166: 129,253,362,308,207,43
167: 346,141,316,867,40,458
168: 629,385,209,511,432,635
169: 345,594,627,331,375,427
170: 500,518,165,867,954,458
171: 10,410,45,226,157,118
172: 1405,810,466,679,737,267
173: 289,995,1032,632,785,555
174: 323,326,736,382,560,823
175: 263,237,503,127,411,202
176: 97,31,263,182,694,238
177: 643,567,753,1432,717,1471
178: 397,132,147,156,401,1103
179: 765,70,573,95,61,293
180: 639,126,638,465,116
181: 1419,71,836,201,766,99
182: 176,31,694,556,345,375
183: 718,196,765,145,216,70
184: 409,402,246,110,447,65
185: 599,1402,715,219,227,1170
186: 1,118,261,88,63,157
187: 209,511,325,931,897,1530
188: 1022,1103,947,147,314
189: 1005,219,889,281,193,758
190: 501,814,793,12,337,160
191: 940,955,537,1004,942,816
192: 27,780,100,112,329,854
193: 889,189,281,348,916,262
194: 569,610,902,513,1242
195: 804,59,683,725,82,136
196: 718,145,183,804,59,374
197: 897,1144,393,272,385,209
198: 528,144,224,651,26,675
199: 1395,332,309,1316,378,1256
200: 215,260,431,301,68,570
201: 255,181,99,452,436
202: 411,257,530,421,175,237
205: 111,1256,515,309,939,1221
206: 956,1300,488,1409,1418,440
207: 37,648,766,43,166,129
208: 374,312,251,561,350,366
209: 385,168,511,187,897,197
210: 1279,802,919,1306,392,369
211: 154,112,290,372,283,90
212: 220,33,274,354,913,384
213: 416,541,775,759,607,859
214: 720,996,394,1007,620,444
215: 200,431,68,903,563,1094
216: 718,183,70,608,77,35
217: 712,241,702,535,562,499
218: 445,748,322,1359,740
219: 1005,189,758,185,1402,1170
220: 33,212,354,29,317,46
221: 457,435,330,111,285,48
222: 454,273,578,291,159,448
223: 980,130,622,650,850
224: 528,198,372,83,90,675
225: 28,543,434,38,638,465
226: 108,45,171,17,44,157
227: 940,25,185,715,676,1170
228: 417,612,1282,732,1132,1036
229: 311,380,414,784,18
230: 496,737,1097,267,1372,507
231: 679,496,737,352,403,424
232: 319,450,22,138,876,532
233: 165,14,61,293,316,867
234: 119,544,147,156,754,314
235: 425,1080,651,26,1206,250
236: 532,422,1019,498,138,105
237: 31,175,721,263,257,202
238: 694,593,847,473,176,97
239: 1187,579,306,1111,513
240: 54,79,594,331,300,143
242: 620,692,30,640,708,720
243: 538,526,500,460,669,613
244: 72,1129,1205,1420,1000,204
245: 1208,744,961,1190,1244
246: 184,38,64,409,402,259
247: 314,98,554,1022,571,477
248: 135,1370,693,1502,611,1195,1488
249: 13,1224,789,1369,303,615
250: 1206,935,947,235,26
251: 208,312,688,366,668,341
252: 275,690,983,615,161,282
253: 166,93,129,161,303,362
254: 516,398,1078,1326,1405,830
255: 201,37,491,1346,436,801
256: 573,47,1073,505,1043,268
257: 202,530,721,237,423,21
258: 153,77,449,14,35,124
259: 38,64,246,354,317,28
260: 200,301,346,570,40,326
261: 1,6,100,186,88,388
262: 609,348,979,1045,889,193
263: 176,97,31,175,237,503
264: 904,16,34,1205,794,1408
265: 485,107,1063,833,885
266: 65,302,42,485,861,402
267: 737,230,810,172,626,1372
268: 141,293,1043,316,573,256
269: 440,451,633,627,120,488
270: 621,142,1221,1224,1163,419
271: 497,489,626,296,1088,763
272: 197,393,336,385,773,1379
273: 454,399,291,222,408,468
274: 212,913,76,446,123,384
275: 983,252,774,282,767,87
276: 17,44,22,143,32,319
277: 642,30,520,425,397,401
278: 86,27,149,60,780,768
279: 914,976,418,533,868,481
280: 794,1266,904,1436,725,82
281: 189,193,758,916,357,1175
282: 129,161,275,252,648,87
283: 27,149,211,112,19,90
284: 960,1286,1357,1498
285: 457,330,221,140,714,400
286: 308,407,814,793,836,43
287: 9,84,86,23,33,29
288: 15,455,688,1055,128
289: 173,1032,632,1272,438,984
290: 211,154,649,99,452,372
291: 273,222,448,917,294,468
292: 516,298,1254,821,1456,302
293: 316,268,179,573,61,233
294: 474,468,917,1130,150,291
295: 652,667,553,979,1212,1045
296: 489,271,763,730,1338,1059
297: 812,47,1073,446,20
298: 516,318,1326,292,1254,96
299: 1352,1275,1214,1147,1480,644
300: 365,108,594,240,44,143
301: 200,260,437,431,382,326
302: 266,1027,821,1456,65,861,292
303: 93,253,161,13,249,615
304: 52,333,1077,1058,767,114
305: 667,1020,553,978,618,1160
306: 820,239,579,508,158,163
307: 455,1125,109,1530
308: 407,91,286,166,362,43
309: 1503,199,332,939,990,205,1256
310: 456,1342,914,481,805,628
311: 654,478,380,1092,229
312: 208,251,67,733,561,341
314: 754,247,554,188,147,234
315: 602,370,882,1444,1528,1157
316: 141,293,167,867,268,233
317: 46,340,220,354,64,259
318: 298,752,1326,96,390,92
319: 54,450,232,276,22,143
320: 1337,368,1382,825,1251,896
1475: 1127,475,531,134,1432,1471
322: 789,218,445,748,923,142
323: 40,954,326,458,736,174
324: 650,53,104,36,389,547
325: 137,1443,931,511,187,353
326: 323,40,174,260,382,301
327: 1131,1202,1354,1333
328: 377,1302,563,335,522,1094,1536
329: 154,112,66,6,100,192
330: 378,111,221,1256,285,140
331: 594,169,627,120,240,79
332: 1327,1395,1503,739,199,309
333: 52,1077,304,1346,85,39
334: 1496,150,1462,1035,125,1418
335: 1302,328,1536,803,755
336: 614,635,385,773,549,272
337: 160,190,501,78,56
338: 24,55,9,404,1064,5
339: 852,341,826,733,562,433
340: 735,42,317,46,885,64
341: 339,852,668,312,251,733
342: 487,550,454,387,578,495
343: 1337,1014,825,1068,941,908
344: 91,48,435,363,93,362
345: 169,375,427,31,721,182
346: 141,167,58,570,40,260
347: 676,1130,357,1170,1462,758
348: 609,593,509,916,262,193
349: 7,1443,931,1420,1000,109
350: 136,366,148,804,374,208
351: 1195,462,1056,731,355
352: 496,231,403,453,405,636
353: 629,511,399,408,137,325
354: 220,212,317,28,384,259
355: 140,1056,1316,462,351,378
356: 623,19,833,149,60
357: 347,1496,1462,281,758
358: 41,365,423,108,45,21
359: 539,92,865,1449,674,1424
360: 1052,1348,1014,1248,908,969
361: 884,1028,558,581,486,799
362: 166,93,253,344,308,91
363: 13,621,435,515,344,93
364: 1168,1293,700,1182,1123,1489
365: 358,423,108,300,594,427
366: 350,148,128,688,208,251
367: 877,625,1427,1122,1447,1435
368: 1337,320,896,873,1429
369: 872,1366,1306,919,210,540
370: 1309,602,315,1444,1090,975
371: 32,63,88,5,94,55
372: 528,452,224,211,290,90
373: 1070,1368,901,523,636,1097
374: 208,561,350,804,718,196
375: 345,169,627,556,182,451
376: 1079,549,1446,1154,760,1269,1479
377: 328,522,508,1094,839,493
378: 330,1256,1316,199,140,355
379: 1329,1341,1461,1002,1431,1508
380: 654,311,229,18,1058,114
381: 8,912,624,76,981
382: 437,301,326,174,823,134
383: 742,921,892,841,680,723
384: 28,123,434,274,212,354
385: 168,209,336,635,197,272
386: 874,1028,1191,1270,1295,727
387: 454,399,342,495,629,432
388: 854,24,55,100,261,88
389: 36,530,324,41,21,547
390: 754,96,554,674,318,92
391: 1082,1248,1459,1052,705
392: 755,1113,1306,1181,802,210
393: 197,420,1144,272,1087,1379
394: 720,996,214,1307,884,799
395: 618,1160,1317,666,1261,1484
396: 1452,490,499,712,469,1493
397: 430,178,132,401,277,520
398: 752,1326,254,424,1405,679
399: 454,273,387,408,629,353
400: 140,714,1056,980,285
401: 178,397,425,277,1206,1103
402: 184,64,246,42,266,65
403: 539,453,424,865,352,231
404: 9,338,1064,912,23,981
405: 696,453,352,1070,636,1331
406: 15,455,1125,591,703,868
407: 1009,308,121,91,286
408: 273,399,122,468,353,137
409: 184,38,246,638,110,126
410: 10,547,113,171,41,45
411: 202,421,127,605,80,175
412: 935,1022,947,106,998,477
413: 872,1165,697,580,1366,1509
414: 494,1119,784,18,617,229
415: 548,599,770,1364,1317,1044
416: 213,759,1012,859,429,1395,739
417: 612,228,1132,781,1095,439
418: 914,279,791,1040,976,634
419: 939,1163,1135,1426,270,1221
420: 393,1087,584,1379,922,1040
421: 411,36,622,202,530,80
422: 1064,236,532,5,94,1019
423: 358,365,21,721,257,427
424: 539,403,398,752,679,231
425: 1080,235,642,277,1206,401
426: 535,499,792,1403,911,469
427: 345,594,169,721,365,423
428: 581,1492,1532,478
429: 859,1316,462,416,1395
430: 397,151,132,520,444,710
431: 200,215,437,301,521,563
432: 629,168,387,495,577,635
433: 535,805,562,1403,339,826
434: 28,543,123,384,225,146
435: 111,221,515,363,344,48
436: 528,452,144,801,255,201
437: 431,382,301,521,531,134
438: 646,1304,1272,289,632,483
439: 559,677,417,1132,597,1095
440: 1035,633,269,206,488,1418
441: 1093,967,656,603,1072,103
442: 20,624,162,461,115,812
443: 996,1373,1007,1396,1437,672
444: 620,520,214,1007,430,710
445: 506,789,218,1369,322
446: 297,20,76,274,123
448: 159,955,917,25,291,222
449: 258,153,124,641,471,514
450: 54,102,319,81,232,876
451: 709,633,269,556,627,375
452: 528,436,372,201,290,99
453: 403,865,1468,687,405,696,352
454: 273,399,387,578,222,342
455: 15,288,307,406,1125
456: 1342,310,938,1516,914,791
457: 221,285,714,762,121,48
458: 323,40,954,167,867,170
459: 479,851,808,607,1502,611
460: 243,500,954,736,613,484
461: 683,162,442,482,624
462: 1195,429,1316,1488,351,355
463: 988,1356,671,1297,815
464: 1375,1089,475,1432,1099,643
465: 133,116,543,225,638,180
466: 741,810,830,172,616
467: 1005,889,1178,1020,553,979
468: 294,474,122,273,291,408
469: 1267,911,1493,426,499,396
470: 552,1231,1521,948,1236,1143
471: 490,726,641,449,131,514
472: 102,57,81,589,1300,34
473: 536,677,203,238,847,97
474: 125,294,139,122,468,150
475: 1475,134,1432,823,1089,464
476: 1273,1376,1180
477: 571,1063,106,1022,412,247
478: 311,1092,581,428,486
479: 959,851,749,459,1370,1502
480: 888,574,542,1071,907,1075
481: 533,826,914,279,310,805
482: 8,624,498,1312,461
483: 1081,1036,632,1304,438,732
484: 560,660,1310,460,736,613
485: 265,107,861,42,885,266
486: 361,884,581,478,1092,708
487: 342,750,695,550,1184,578
488: 206,1300,440,269,120,57
489: 497,271,1417,296,1338
490: 1452,726,396,471,712,641
491: 255,37,648,1077,87,1346
492: 564,888,524,1327,1503,575
493: 639,839,73,820,377,508
494: 1072,1119,414,1515,617,994,568
495: 761,577,342,550,387,432
496: 737,230,1097,352,231,636
497: 489,271,626,1417,1372
498: 236,1019,105,1312,482,8
499: 426,535,712,217,469,396
500: 243,526,518,170,460,954
501: 1419,190,814,71,337,56
502: 985,1061,1185,1397
503: 536,74,127,97,175,263
504: 943,1030,583,592,600,746
505: 543,146,256,1073,1043,1394
506: 445,1369,690,994,568
507: 899,1372,230,1097,523
508: 377,522,493,820,306,163
509: 694,593,348,556,916,709
510: 1311,997,1074,1390
511: 629,168,209,187,353,325
512: 809,1213,1241,1039,815
513: 158,239,1111,902,194
514: 131,526,518,153,449,471
515: 205,435,111,363,621,1221
516: 298,1078,1326,254,292,821
517: 869,672,710,600,1517,151
518: 526,500,514,170,165,153
519: 1080,85,52,936,692,642
520: 620,30,277,444,430,397
521: 437,431,563,1536,531,803
522: 377,1302,328,508,163,1199
523: 373,1368,1097,899,507,855
524: 1458,1075,888,492,575,1149
525: 541,775,808,1287,948,681,1236
526: 243,538,131,500,514,518
527: 1406,1465,863,993,1023
528: 452,436,144,198,372,224
529: 1512,1285,684,1120,1183,678
530: 257,36,202,389,421,21
531: 1127,1475,134,437,521,803
532: 236,94,422,232,22,138
533: 703,852,868,826,481,279
534: 1244,1267,1228,962,848,961
535: 426,562,499,433,1403,217
536: 559,473,677,74,503,97
537: 770,715,965,942,940,191
538: 243,131,526,661,669,1051
539: 403,359,424,92,865,752
540: 685,886,919,872,369
541: 213,525,775,759,681,951
542: 619,1008,1071,743,574,480
543: 225,434,146,505,133,465
544: 234,119,746,1268,156,1322
545: 963,693,1325,631,1258,788
546: 827,686,1211,816,1349,857
547: 410,113,389,53,324,41
548: 415,770,1044,965,790,1262
549: 773,376,1446,614,336,760
550: 1120,342,750,487,495,761
551: 943,592,1482,1305,1284,934
552: 1231,745,470,828,1143
553: 305,667,1020,295,979,467
554: 754,96,314,390,98,247
555: 173,632,785,1282,1245,732
556: 694,509,182,709,451,375
557: 241,124,702,608,67,35
558: 361,1028,926,799,977,727
559: 536,677,439,74,819,597
560: 823,484,1089,1310,736,174
561: 374,208,312,608,67,718
562: 535,433,339,733,217,702
563: 328,1094,1536,215,431,521
564: 888,1218,492,574,1012,1327
565: 699,605,788,74,819,127
566: 53,104,1009,12,793
567: 643,753,1031,1358,177,647
568: 994,506,1515,494
569: 1088,616,875,610,194
570: 68,58,1065,346,200,260
571: 107,1063,477,1152,98,247
572: 655,662,707,1240,1047,582
573: 95,47,256,179,293,268
574: 564,888,1218,743,480,542
575: 1149,1426,990,492,524,1503
576: 786,1021,1427,1177
577: 614,495,769,761,635,432
578: 454,222,159,342,487,1184
579: 1187,820,239,704,1186,306
580: 413,697,1366,717,1010,753
581: 361,874,1028,428,486,1532,478
582: 711,973,1412,662,572,1047
583: 504,1030,1024,746,1268
584: 1053,1379,420,722,922
585: 1029,1384,1271,933,657,1385
586: 1146,798,923,969,713,748
587: 738,1049,1124,1141,1168,700
588: 849,1430
589: 164,1300,1409,472,16,34
590: 905,1368,901,1142,1486
591: 1144,1087,406,1125,976,868
592: 504,943,551,600,1482,1517
593: 609,694,509,348,238,847
594: 169,331,427,365,300,240
595: 1288,952,1450
596: 1339,1197,779,1226,1200,1460
597: 631,1132,1050,559,439,819
598: 1039,1345,1270,815,1356
599: 415,770,185,1402,1364,715
600: 517,1517,151,1322,746,504,592
601: 1492,988,1191,1532,719,797
602: 1309,370,882,1504,315
603: 656,1209,856,1281,441,967
604: 857,950,1421,918,964,1328
605: 699,565,80,1477,127,411
606: 1025,130,1477,980,731
607: 213,775,808,459,611,859
608: 67,561,718,216,557,35
609: 593,348,262,847,1045
610: 569,875,194,1242,69
611: 859,1488,459,607,248,1502
612: 417,1282,858,228,155,781
613: 669,757,243,460,660,484
614: 336,760,769,577,635,549
615: 690,252,249,1369,161,303
616: 1088,569,810,466,902
617: 983,774,994,494,414,18
618: 1160,395,1317,305,1020
619: 1387,1008,1275,542,1162,1071
620: 242,30,520,444,720,214
621: 270,363,13,1221,1224,515
622: 36,421,130,80,223,650
623: 83,356,106,19,998,833
624: 442,482,20,381,8,461
625: 367,877,701,842,724,1427
626: 497,271,1372,810,267,1088
627: 169,331,375,120,451,269
628: 805,792,1403,657,1342,310
629: 168,511,432,353,399,387
630: 671,1209,856,1487,1538,1156
631: 1050,1258,597,545,819,788
632: 289,173,555,438,732,483
633: 440,1175,709,1035,451,269
634: 791,1040,418,1066,922
635: 614,336,577,385,168,432
636: 1070,373,405,496,1097,352
637: 1442,1167,864,831,1208
638: 38,409,225,465,126,180
639: 839,493,126,73,180
640: 936,654,1092,708,692,242
641: 712,241,124,449,490,471
642: 692,30,277,425,519,1080
643: 567,177,464,1432,647,1099
644: 653,1139,1214,1425,299,1352
645: 1172,1458,1068,811,1149
646: 1332,1304,1272,953,438
647: 734,870,1099,643,567,1031
648: 207,37,491,129,282,87
649: 154,66,290,99,56,71
650: 104,850,324,223,36,622
651: 1080,235,85,26,39,144,198
652: 667,295,716,155,1212,1526
653: 1121,1139,644,1287,1470,1425
654: 936,311,380,1092,640,1058
655: 728,662,1296,572,707
656: 1209,1297,603,441,103,719
657: 1342,1385,628,792,585,933
658: 1434,1404,1523
659: 1200,1192,1255,1246,932,1226
660: 1141,484,1310,757,613,1124
661: 726,764,538,131,860,1051
662: 655,1414,572,1412,582
663: 1232,1478,69,1448,1415,1501
664: 1154,898,1183,678,760,769
665: 1344,1194,1407,1016
666: 395,1261,1484,1098,1283,1497
667: 305,652,295,553,978,716
668: 703,852,341,15,688,251
669: 757,891,613,1051,243,538
670: 1069,1100,778,1535,1259,1110
671: 630,1209,1297,1538,463
672: 869,1437,517,710,443,1007
673: 957,795,1320,1116,1105,1106
674: 119,1424,754,390,359,92
675: 83,998,198,224,26,935
676: 1130,347,1170,227,917,25
677: 559,473,536,439,203,1095
678: 769,761,529,1120,1183,664
679: 737,231,398,424,1405,172
680: 723,1001,1136,706,742,383
681: 1139,1287,1277,525,541,951
682: 158,1243,824,1242,163,1199
683: 59,725,162,195,461
684: 1109,1285,529,1120,750,1229
685: 849,1430,540,1201
686: 827,546,1004,816,695,1184
687: 1225,829,696,1024,453,1468
688: 15,288,366,128,668,251
689: 1081,1258,1304,953,959,1325
690: 983,252,994,615,506,1369
691: 943,1030,1284,1365,783
692: 642,242,30,936,640,519
693: 135,963,1370,545,248,1325
694: 593,509,556,238,176,182
695: 750,487,1229,1184,827,686
696: 687,405,829,1240,453,1331
697: 1380,413,580,753,1358
698: 313,1252,1227,1323
699: 605,1025,565,788,1477,963
700: 364,1168,1293,1210,1049,587
701: 1276,877,625,842,1396,1373
702: 217,241,557,67,733,562
703: 852,668,533,868,15,406
704: 1187,579,1186,1060,1027,447
705: 1505,1052,1527,391,1374
706: 680,1098,1001,1464,742,1261
707: 655,728,572,783,829,1240
708: 1092,640,884,486,242,720
709: 1175,451,633,509,556,916
710: 517,672,444,1007,430,151
711: 895,1062,1234,973,1412,582
712: 217,241,641,499,490,396
713: 798,586,923,811,1163,1135
714: 400,457,285,762,850
715: 599,770,185,537,227,940
716: 1215,1531,155,652,667,978
717: 1471,1010,1264,753,177,580
718: 196,183,216,374,608,561
719: 988,601,656,1297,103,797
720: 214,394,708,884,620,242
721: 31,237,257,345,427,423
722: 1192,1255,922,584,862
723: 680,1136,1222,1038,841,383
724: 977,1427,926,625,842
725: 683,195,82,1312,1266,280
726: 1452,490,661,764,471,131
727: 1021,977,1295,1028,558,386
728: 655,707,1101,1365,783
729: 987,1431,1469,1508
730: 1232,1054,1478,763,296,1059
731: 1056,135,1195,351,1025,606
732: 1282,228,632,555,1036,483
733: 312,67,339,341,562,702
734: 910,870,647,1031,1188,1280
735: 46,768,340,885,60
736: 323,954,174,460,560,484
737: 679,496,230,267,231,172
738: 870,1049,587,1099,1141,1375
739: 1327,1395,332,416,1012
740: 1093,866,1515,218,1359
741: 830,466,902,101,1111
742: 383,921,1531,680,706,1464,978
743: 1218,574,951,1008,542,1277
744: 771,777,245,817,1208,961
745: 552,1231,1340,1263,1179,828
746: 544,1268,1322,600,504,583
747: 1438,1293,1210,807,1439
748: 218,322,1359,1146,586,923
749: 479,959,1143,851,1104,953
750: 1120,695,487,550,1229,684
751: 785,1537,1388,982
752: 318,398,1326,539,424,92
753: 567,1358,177,717,697,580
754: 314,390,554,234,119,674
755: 803,1113,392,1181,1302,335
756: 999,1377,1308,1472,1223
757: 669,796,891,613,1124,660
758: 219,189,281,347,357,1170
759: 213,416,541,1218,1012,951
760: 614,769,1154,664,376,549
761: 678,495,769,577,1120,550
762: 850,714,457,1009,121
763: 1088,875,271,296,730,1478
764: 1452,661,726,945,1167,860
765: 145,183,70,179,115,95
766: 207,37,43,181,836
767: 1077,304,114,87,275,774
768: 735,29,46,278,86,60
769: 614,678,760,761,577,664
770: 415,548,599,715,537,965
771: 777,848,744,961,1220,1102
772: 1244,1267,1493,945,1190
773: 1053,549,1446,1379,336,272
774: 275,983,617,18,767,114
775: 213,525,541,808,607
776: 1076,915,1062
777: 771,817,744,1102,1253,1006
778: 1100,670,1216,1137,1029
779: 1339,1197,596,1216,1137,928
780: 278,192,86,27,854,84
781: 843,1095,1526,417,612
782: 1085,894,1283,1134,930,1466
783: 1225,829,691,1365,728,707
784: 1119,414,797,1492,229
785: 173,995,555,751,1245
786: 576,887,1171,1273,1376,1177
787: 1324,1171,1273
788: 699,565,631,963,545,819
789: 445,1369,322,142,249,1224
790: 1112,965,837,1367,1262,548
791: 914,418,634,1066,456,938
792: 426,628,1403,657,933,911
793: 190,814,566,1009,286,12
794: 49,1408,1266,280,904,264
795: 957,673,880,1233,1276,1106
796: 757,891,970,1124,1168,1123
797: 103,1119,784,1492,601,719
798: 941,908,586,969,713,811
799: 361,884,558,926,394,1307
800: 1155,1164,1414,1412,1048
801: 436,144,255,1346,39
802: 1018,1279,210,824,1113,392
803: 755,1264,1181,521,335,1536,1127,531
804: 59,195,350,136,374,196
805: 628,433,1403,826,481,310
806: 898,1510,1292,1499,1057,1481
807: 1249,1439,747
808: 525,775,607,1236,851,459
809: 1265,512,1156,1538
810: 466,172,267,1088,616,626
811: 1149,1135,645,941,798,713
812: 95,297,47,442,20,115
813: 1259,962,1384,1271,1107,968
814: 1419,190,501,793,836,286
815: 1039,598,512,1356,463
816: 686,546,1004,942,1349,191
817: 777,1208,744,864,1253,1161
818: 1392,896
819: 559,74,631,597,565,788
820: 579,1186,306,493,73,508
821: 1027,302,516,1078,292,1060
822: 925,946,1358,1380,1203
823: 560,1089,174,382,475,134
824: 1243,682,1199,1113,1018,802
825: 1337,1014,1382,320,343,1411
826: 339,852,533,481,805,433
827: 686,546,857,1328,695,1229
828: 1263,1495,552,745,1332,1104
829: 687,1225,783,1240,696,707
830: 741,1405,466,101,1078,254
831: 1442,637,1167,860,1128,1371
832: 849,886,958,1330
833: 623,356,106,265,1063
834: 1249,1319,1434,1422
835: 1389,929,1393
836: 1419,814,181,286,766,43
837: 853,1112,965,790,942,1349
838: 1253,1006
839: 639,493,903,377,1094
840: 1159,944,1142,855,1133,1318
841: 991,1353,1038,723,383,892
842: 625,701,926,724,1373,1307
843: 1212,781,203,1095,1526
844: 957,1305,880,869,1437,1482
845: 906,1398,1158,1527
846: 204,148,128,1436,72
847: 609,593,238,203,473
848: 771,961,962,534,1220,1107
849: 588,685,832,886,1430
850: 650,762,104,714,223
851: 1236,479,1143,749,459,808
852: 339,703,668,533,341,826
853: 1112,837,1204,1453,1211,1349
854: 24,388,84,100,192,780
855: 1159,840,1142,1368,523,899
856: 630,1209,1487,603,1398,1281
857: 964,604,1328,827,546,1211
858: 612,1282,1245,155,1313,1215
859: 611,429,1488,213,416,607
860: 1167,831,1371,661,764,1051
861: 485,107,1152,266,1456,302
862: 1053,1079,1321,722,1255
863: 993,1054,1239,527,1476,1023
864: 1442,637,817,1208,1161,1086
865: 539,403,359,453,1449,1468
866: 1198,1093,740,967,1350,1359
867: 316,167,165,233,170,458
868: 703,533,591,406,279,976
869: 1437,517,672,1482,1517,844
870: 910,734,738,1049,647,1099
871: 1339,1460,1360
872: 413,1366,1509,369,540
873: 896,960,1091,1429,368
874: 1028,581,386,1191,1532
875: 1088,569,763,610,1478,69
876: 49,138,1408,450,81,232
877: 1233,367,1276,625,701,1435
878: 1335,1179,1340
879: 1076,1486,915,1133
880: 957,795,844,1276,1396,1437
881: 1494,1128,970,1182,1123
882: 602,315,1116,909,1157
883: 985,1260,1140,1189,1463
884: 361,486,799,708,720,394
885: 735,42,340,265,485
886: 849,832,540,958,919,1238
887: 786,1021,1295,1171,1378,1345
888: 564,492,574,480,524,1075
889: 1005,467,189,193,979,262
890: 1174,1467
891: 669,757,796,970,1051,1371
892: 383,1313,921,1215,841,1353
893: 1015,1222,1038,1074
894: 1085,1219,782,1134,1237,1034
895: 1062,711,1412,1048
896: 818,1251,873,368,320
897: 197,1144,209,187,1125,1530
898: 1154,1183,1510,1292,806,664
899: 1417,507,523,1159,855
900: 1334,1220,1102,1042
901: 905,1070,1173,373,1368,590
902: 741,1111,513,616,194
903: 116,68,839,215,1094
904: 72,1205,264,794,280,1436
905: 1173,901,590,1234,973,1486
906: 1398,1108,1158,845,1487
907: 1247,1091,1071,480,1075,920
908: 941,798,969,1014,343,360
909: 1131,1105,1278,1116,882
910: 1210,734,870,1049,1188,1439
911: 1267,1228,469,426,792,933
912: 381,8,1064,1019,404,981
913: 23,33,274,212,981,76
914: 279,791,418,481,456,310
915: 776,1076,879,1486,1062,1234
916: 509,348,281,193,1175,709
917: 448,25,676,1130,291,294
918: 950,1421,604,1118,1351
919: 1279,1238,210,369,886,540
920: 1172,1458,1075,1429,1091,907
921: 742,383,892,1215,1531
922: 722,584,420,1040,634
923: 586,713,1163,142,748,322
924: 1213,1037
925: 1404,822,1523,946,1203
926: 558,799,977,724,1307,842
927: 1150,1416,1466
928: 1137,938,1516,1197,779
929: 835,1389,1479,1393,1321,1485
930: 1150,989,1466,1283,782
931: 325,1443,349,187,109,1530
932: 1246,1321,1467,1485,1533,659,1255
933: 1384,585,657,792,1228,911
934: 1284,1193,1157,1305,1320,551
935: 250,947,412,26,675,998
936: 654,640,52,1058,519,692
937: 1082,1298,1459,1026
938: 456,928,1066,791,1197
939: 419,1426,990,309,205,1221
940: 227,191,955,25,715,537
941: 908,798,343,1068,811
942: 816,1349,965,837,537,191
943: 504,1030,691,551,592,1284
944: 840,1133,1318,1235,1145,1294
945: 1452,764,772,1493,1190,1167
946: 1031,1358,925,1280,822
947: 1206,250,188,935,1022,1103,412
948: 1121,1287,470,1521,1236,525
949: 1311,1046,997
950: 918,604,1328,1109,1490,1351
951: 1218,743,681,1277,541,759
952: 595,1217,1450,1519,1011
953: 646,1304,959,749,689
954: 323,458,736,500,170,460
955: 940,159,191,448,25,1004
956: 206,89,1409,1418,125,139
957: 795,673,1305,844,1320,880
958: 832,886,1238,1501,1448,1406
959: 479,749,953,689,1370,1325
960: 1286,284,1247,1091,873
961: 771,245,848,744,534,1244
962: 813,1384,534,1228,1107,848
963: 135,545,693,699,1025,788
964: 857,1421,604,1204,1308,1211
965: 837,790,548,770,537,942
966: 1438,1336,1489
967: 1281,1198,1093,866,441,603
968: 1334,1117,1107,813,1259,1110
969: 908,1146,798,586,1348,360
970: 796,891,1128,1371,881,1123
971: 1250,1251,1392
972: 1505,1052,1348,1153,1350,1198
973: 711,1234,582,905,1173,1047
974: 1061,1495,1397,1332,1272,984
975: 1155,1090,1444,370,1414,1296
976: 279,1040,418,1087,591,868
977: 1021,724,727,558,926
978: 305,667,1464,742,716,1531,1160
979: 295,553,1045,467,889,262
980: 400,223,1056,130,606
981: 23,913,404,381,912,76
982: 1274,1388,1189,1463,995,751
983: 275,690,252,617,774,994
984: 1272,1140,1397,974,289,1032
985: 502,1260,1140,883
986: 1057,1499
987: 729,1469
988: 1191,1356,601,719,463,1297
989: 930,1440,1098,1041,1001,1283
990: 575,939,1426,1503,309
991: 841,1074,1390,1353,1388,1038
992: 1330,1465
993: 863,1232,1054,1448,1406,527
994: 690,983,617,568,506,494
995: 173,1463,1032,785,982
996: 214,443,394,1373,1307,1007
997: 949,1311,1046,510,1274,1390
998: 83,623,106,675,935,412
999: 756,1291,1377,1084
1000: 349,1420,244,1055,109,204
1001: 680,1098,1041,1136,706,989
1002: 1145,1508,1096,1318,379,1461
1003: 1253,1161,1474
1004: 686,816,159,191,955,1184
1005: 219,467,889,189,1178,1402
1006: 838,1253,1102,777,1042
1007: 996,214,443,444,672,710
1008: 619,1352,1275,542,1277,743
1009: 121,407,762,566,793
1010: 1264,1306,1181,717,580,1366
1011: 1518,1519,1430,1201,952
1012: 564,1218,416,759,1327,739
1013: 1129,152,164,89,7,1420
1014: 825,343,1248,1411,908,360
1015: 1222,893,1138,1151
1016: 1292,1499,665,1407
1017: 1410,1386,1034,1084
1018: 1279,802,1033,1415,1243,824
1019: 1064,236,422,498,8,912
1020: 305,553,618,467,1178
1021: 576,977,1295,887,727
1022: 188,947,412,477,247
1023: 1166,1476,863,527,1534
1024: 1030,583,1449,1468,687,1225
1025: 699,606,1477,135,963,731
1026: 1250,937,1298
1027: 821,447,65,302,704,1060
1028: 361,874,558,581,386,727
1029: 1271,585,1137,1385,778
1030: 504,943,691,583,1024,1225
1031: 567,946,734,647,1280
1032: 289,173,1463,995,1140,984
1033: 1018,1279,1238,1415,1501
1034: 1017,1410,1386,1085,894,1237
1035: 440,1175,633,334,1496,1418
1036: 1081,1132,1050,483,732,228
1037: 1324,1213,924,1525
1038: 1222,893,841,1074,991,723
1039: 1525,598,815,1213,512
1040: 976,418,634,420,1087,922
1041: 1001,1136,1483,1138,1440,989
1042: 900,1102,1006
1043: 141,268,256,505,58,1394
1044: 1317,1484,1497,1262,415,548
1045: 1212,295,979,609,262
1046: 949,997,1260,1189,1274
1047: 1173,1331,1240,572,973,582
1048: 1164,800,895,1412
1049: 1210,910,870,738,587,700
1050: 1081,631,1132,1036,1258,597
1051: 669,891,661,538,860,1371
1052: 1505,972,705,1348,360,391,1248
1053: 773,584,862,1079,1446,1379
1054: 863,730,993,1232,1059,1239
1055: 288,109,1000,204,128
1056: 140,400,980,731,355,351
1057: 986,806,1499,1207,1481
1058: 52,304,114,936,654,380
1059: 1338,1239,1341,296,730,1054
1060: 1187,704,1027,821,1078,101
1061: 1433,1185,1263,1495,1397,974,502
1062: 895,711,1234,776,915
1063: 265,571,107,477,106,833
1064: 5,422,1019,404,338,912
1065: 133,116,68,58,570,1394
1066: 1200,1192,791,634,1197,938
1067: 1290,1294,1469
1068: 1337,343,1172,645,941
1069: 670,1535,1110
1070: 1173,373,901,636,1331,405
1071: 1247,1162,907,619,542,480
1072: 494,103,1119,1093,441,1515
1073: 297,47,256,146,505
1074: 991,1390,510,893,1038
1075: 1458,524,920,907,888,480
1076: 776,879,1441,915
1077: 333,304,767,87,1346,491
1078: 516,254,821,1060,830,101
1079: 376,1053,862,1446,1479,1321
1080: 425,519,651,235,85,642
1081: 1036,1050,689,1258,483,1304
1082: 937,391,1298,1248,1459,1411
1083: 1122,1169,1447,1507,1180
1084: 1017,1386,999,1291
1085: 894,782,1466,1034
1086: 1474,1176,1442,864,1161
1087: 420,1144,393,591,1040,976
1088: 616,569,763,875,810,271,626
1089: 560,1375,823,1310,464,475
1090: 1155,975,1309,370
1091: 960,1247,907,873,1429,920
1092: 654,311,478,640,708,486
1093: 866,441,740,967,1515,1072
1094: 377,563,328,903,839,215
1095: 843,781,203,417,677,439
1096: 1417,1159,1318,1461,1002
1097: 496,230,373,523,636,507
1098: 1001,706,989,1283,666,1261
1099: 870,738,647,1375,464,643
1100: 778,1360,670,1535,1216
1101: 1365,1444,1193,1528,728,1296
1102: 900,1220,771,777,1042,1006
1103: 1206,188,947,178,147,401
1104: 1143,749,828,1332
1105: 1131,909,1106,1520,673,1116
1106: 1105,1514,1520,1233,1539,795,673
1107: 1334,1220,968,813,962,848
1108: 906,1529,1347,1399,1487,1156
1109: 1285,1490,684,950,1328,1229
1110: 1069,670,1259,1117,968
1111: 1187,239,741,902,101,513
1112: 853,837,790,1367,1401,1453
1113: 755,392,1302,824,1199,802
1114: 1176,1457
1115: 1286,1162,1361,1343,1357,1387
1116: 673,1320,1105,909,1157,882
1117: 1334,968,1110
1118: 1301,1445,1421,918,1223
1119: 1072,494,103,414,784,797
1120: 750,550,529,684,678,761
1121: 653,1287,948,1470,1521
1122: 1083,1169,1355,1447,1435,367
1123: 364,1168,1182,796,970,881
1124: 757,796,1141,660,1168,587
1125: 455,307,406,1530,897,1144,591
1126: 1303,1289,1428
1127: 1475,531,1471,803,1264
1128: 1442,831,1371,970,881
1129: 244,1013,16,1205,164,1420
1130: 676,347,150,1462,917,294
1131: 327,1105,909,1520,1278
1132: 1036,1050,597,417,228,439
1133: 944,840,1142,879,1235
1134: 1219,894,782,1497
1135: 811,1163,419,1149,1426,713
1136: 680,723,1041,1001,1222,1138
1137: 928,1385,1516,1216,779,778,1029
1138: 1015,1222,1151,1483,1041,1136
1139: 653,644,1287,681,1352,1277
1140: 985,883,1397,1463,1032,984
1141: 1375,660,1310,1124,738,587
1142: 840,855,1133,1368,590,1486
1143: 1236,851,1104,749,552,470
1144: 897,197,393,1087,591,1125
1145: 1294,1002,1469,1508,944,1318
1146: 586,969,1348,1350,748,1359
1147: 1314,1480,1214,299
1148: 1303,1347,1454,1241,1265,1413
1149: 575,811,1135,1426,645,524
1150: 927,930,1416,1440,1466
1151: 1363,1483,1015,1138
1152: 571,107,861,98,1456,1254
1153: 1505,972,1527,1398,1281,1198
1154: 898,1510,664,760,1269,376
1155: 1090,1164,975,800,1414
1156: 809,1265,1108,1347,630,1487,1538
1157: 1193,1528,934,1320,1116,882,315
1158: 906,1227,1323,845,1529
1159: 840,855,1318,899,1096,1417
1160: 618,395,1261,1464,305,978
1161: 1253,1003,817,864,1474,1086
1162: 1286,1247,1115,1071,619,1387
1163: 419,1135,923,713,270,142
1164: 1155,800,1048
1165: 1380,413,1519,1509,1217
1166: 1315,1455,1230,1023
1167: 637,860,831,945,764,1190
1168: 364,700,1123,796,1124,587
1169: 1196,1122,1083,1355,1354
1170: 676,347,185,219,758,227
1171: 1378,787,1324,786,887,1273
1172: 645,1458,1429,920,1337,1068
1173: 905,1070,901,1047,1331,973
1174: 890,1393,1467,1533
1175: 709,1035,633,281,916,1496
1176: 1114,1474,1086,1494
1177: 1376,576,786,1427,1447
1178: 1005,467,1020,1402,1364
1179: 1433,1263,1335,878,745,1340
1180: 476,1376,1083,1447
1181: 803,755,1010,1264,1306,392
1182: 364,1123,1489,881,1494,1336
1183: 898,1292,664,1512,529,678
1184: 695,487,686,1004,159,578
1185: 1061,1433,1511,502
1186: 820,579,704,110,447,73
1187: 239,579,704,1111,1060,101
1188: 1249,1439,1319,910,734,1280
1189: 1260,883,1046,1274,982,1463
1190: 245,772,1244,945,1167
1191: 988,1356,601,1532,1270,874,386
1192: 659,1200,722,1066,1255
1193: 1284,1101,1365,1528,1157,934
1194: 1285,1490,1407,1344,665
1195: 462,1488,351,135,248,731
1196: 1169,1354,1513
1197: 596,779,1200,1066,928,938
1198: 1281,866,967,972,1153,1350
1199: 824,682,163,1302,522,1113
1200: 659,1192,1066,1197,596,1226
1201: 685,1430,1519,1509,1011
1202: 327,1514,1520,1355,1354
1203: 1217,1450,1380,925,1423,822
1204: 1377,1308,1453,853,964,1211
1205: 904,72,244,16,1129,264
1206: 250,1103,947,425,235,401
1207: 1057,1481
1208: 245,817,744,637,864
1209: 671,630,656,1297,856,603
1210: 910,1049,1293,700,747,1439
1211: 546,1349,1204,853,857,964
1212: 843,1045,1526,652,295
1213: 1241,512,924,1039,1037
1214: 1425,1147,644,299
1215: 716,1313,921,892,1531,858,155
1216: 1339,779,1137,1100,778,1360
1217: 1203,952,1450,1380,1165,1519
1218: 564,743,574,1012,951,759
1219: 894,1134,1237,1367,1262
1220: 1334,900,1107,1102,771,848
1221: 270,621,939,419,205,515
1222: 1015,893,1038,1138,723,1136
1223: 1421,1472,756,1308,1445,1118
1224: 270,13,621,142,249,789
1225: 687,783,829,1030,1024
1226: 596,1246,659,1200,1381,1460
1227: 1158,1323,1374,698,313
1228: 534,1267,911,962,1384,933
1229: 750,695,1328,827,1109,684
1230: 1166,1506
1231: 552,745,470,1340,1521
1232: 730,993,1054,663,1478,1448
1233: 1276,877,1435,1539,795,1106
1234: 1062,711,973,905,1486,915
1235: 1441,944,1133,1294,1290
1236: 1143,851,470,948,525,808
1237: 1219,894,1386,1034,1401
1238: 1279,1033,919,1501,886,958
1239: 1329,1059,1341,863,1054,1476
1240: 829,696,572,707,1047,1331
1241: 1213,1265,512,1413,1148
1242: 158,1243,682,610,194
1243: 824,1242,682,1018,1415
1244: 772,534,1267,245,961,1190
1245: 1282,858,1537,785,555,1313
1246: 932,1467,1522,659,1226
1247: 960,1286,1162,1091,1071,907
1248: 1082,391,1411,1014,1052,360
1249: 807,834,1188,1439
1250: 971,1026,1251,1382,1298
1251: 896,971,1250,1382,320
1252: 698,1323,1428
1253: 838,1006,1161,1003,777,817
1254: 298,292,1152,96,98,1456
1255: 659,722,1192,862,932,1321
1256: 378,205,330,111,199,309
1257: 1315,1455,1329,1431,1451
1258: 1081,631,1050,689,545,1325
1259: 813,1271,670,1110,968
1260: 985,883,1189,1046
1261: 1160,395,666,1098,706,1464
1262: 790,1367,1219,1044,548
1263: 1061,1433,1495,1179,828,745
1264: 803,1010,1181,1127,717,1471
1265: 809,1241,1156,1347,1148
1266: 49,794,105,280,725,1312
1267: 772,534,1244,1228,911,469,1493
1268: 119,746,544,1424,583
1269: 1389,1479,1154,1510,376
1270: 598,1345,1191,1356,386,1295
1271: 813,1259,1029,1384,585
1272: 646,1332,438,984,974,289
1273: 476,1376,1171,787,786
1274: 1390,1388,982,1046,997,1189
1275: 299,619,1387,1008,1352,1480
1276: 1233,877,701,1396,795,880
1277: 1008,1352,1139,681,743,951
1278: 1131,909,1524
1279: 1018,802,1033,919,1238,210
1280: 1404,734,946,1031,1188,1319
1281: 1198,967,1153,1398,856,603
1282: 612,858,1245,732,228,555
1283: 782,930,989,1098,666
1284: 1365,1193,934,943,691,551
1285: 1194,1512,1109,529,1490,684
1286: 960,284,1247,1162,1115,1357
1287: 653,1121,1139,948,681,525
1288: 595,1450,1473
1289: 1303,1126,1454,1400
1290: 1067,1441,1235,1294
1291: 999,1377,1453,1386,1084,1401
1292: 898,1016,1183,806,1499
1293: 364,700,1489,1210,747,1438
1294: 1145,1469,944,1235,1290,1067
1295: 1021,887,727,1345,1270,386
1296: 655,1414,1101,1444,975
1297: 671,656,1209,988,719,463
1298: 937,1082,1411,1250,1026,1382
1299: 1472,1445
1300: 206,589,488,1409,57,472
1301: 1445,1118
1302: 328,335,522,1199,755,1113
1303: 1289,1126,1347,1399,1454,1148
1304: 646,953,438,1081,689,483
1305: 957,844,1320,1482,551,934
1306: 1010,392,1181,210,1366,369
1307: 996,394,1373,926,799,842
1308: 756,1204,1377,1421,964,1223
1309: 602,370,1491,1090
1310: 1141,560,1375,660,484,1089
1311: 949,997,510
1312: 725,105,1266,498,482
1313: 892,1215,1537,858,1245
1314: 1147,1361,1480
1315: 1166,1476,1257,1455,1329
1316: 429,462,1395,199,355,378
1317: 618,395,1044,1484,415,1364
1318: 1159,944,840,1096,1145,1002
1319: 834,1188,1434,1404,1280
1320: 957,673,1305,1116,1157,934
1321: 932,1485,929,862,1079,1255
1322: 151,132,156,600,746,544
1323: 1227,1158,1529,698,1252,1428
1324: 787,1037,1171,1378,1525
1325: 1370,545,693,959,689,1258
1326: 516,318,298,398,752,254
1327: 1503,739,332,564,492,1012
1328: 857,950,604,827,1109,1229
1329: 379,1239,1341,1431,1476,1315,1257
1330: 1406,992,1465,832
1331: 1070,1173,1047,405,1240,696
1332: 646,1272,1495,974,828,1104
1333: 1354,327
1334: 900,1220,1117,1107,968
1335: 1511,878,1433,1179
1336: 1182,1489,966
1337: 368,320,825,343,1068,1172
1338: 1059,1341,1461,489,296
1339: 871,596,1216,779,1460,1360
1340: 1231,745,878,1179
1341: 379,1338,1329,1059,1239,1461
1342: 657,456,310,1385,1516,628
1343: 1357,1361,1115
1344: 1500,665,1194,1351
1345: 1378,598,1270,1295,887
1346: 333,1077,255,491,801,39
1347: 1303,1399,1148,1108,1265,1156
1348: 972,1052,1350,360,1146,969
1349: 546,942,1211,816,853,837
1350: 972,1348,1146,1359,1198,866
1351: 1490,950,918,1500,1344
1352: 299,1008,1275,1277,1139,644
1353: 841,1537,991,1388,892
1354: 1196,1169,1355,1333,327,1202
1355: 1122,1169,1354,1435,1539,1202,1514
1356: 988,1191,463,598,1270,815
1357: 1343,1498,1286,284,1115
1358: 567,753,946,1380,697,822
1359: 218,748,1146,1350,866,740
1360: 1100,1535,871,1339,1216
1361: 1314,1480,1343,1387,1115
1362: 1363,1416
1363: 1151,1362,1483
1364: 415,599,1402,1317,1178
1365: 1284,1101,1193,691,783,728
1366: 872,413,580,369,1010,1306
1367: 1112,790,1262,1401,1219
1368: 373,901,523,590,1142,855
1369: 506,789,445,249,690,615
1370: 693,248,1325,1502,479,959
1371: 860,831,1128,891,970,1051
1372: 497,626,507,230,267
1373: 996,443,1307,701,842,1396
1374: 1227,313,705,1527
1375: 1141,1089,1310,464,738,1099
1376: 476,1273,1180,1177,786
1377: 999,756,1204,1291,1308,1453
1378: 1171,1525,1345,1324,887
1379: 773,584,1053,420,393,272
1380: 1165,697,1358,822,1203,1217
1381: 1460,1522,1226
1382: 320,825,1251,1250,1298,1411
1383: 1535,1391
1384: 813,962,1271,585,933,1228
1385: 657,1342,1137,1516,1029,585
1386: 1017,1034,1084,1237,1291,1401
1387: 619,1275,1361,1480,1162,1115
1388: 1274,1537,991,1390,1353,982,751
1389: 835,929,1269,1479,1481
1390: 1274,1074,991,1388,997,510
1391: 1383
1392: 818,971
1393: 1174,1485,1533,835,929
1394: 133,58,1065,505,1043
1395: 739,199,332,416,429,1316
1396: 1276,701,443,1373,1437,880
1397: 1061,974,502,1140,984
1398: 906,845,1153,1281,856
1399: 1303,1347,1428,1108,1529
1400: 1289,1454
1401: 1112,1367,1386,1237,1291,1453
1402: 599,185,1364,1005,219,1178
1403: 426,535,805,628,792,433
1404: 658,1434,925,1280,1319
1405: 830,172,398,254,679
1406: 1330,527,993,1448,958
1407: 1194,1512,665,1016
1408: 49,794,876,81,34,264
1409: 206,589,956,164,1300,89
1410: 1017,1034
1411: 1082,1298,1248,1014,1382,825
1412: 895,711,582,662,800,1048
1413: 1241,1454,1148
1414: 662,1296,1155,975,800
1415: 1018,1033,1243,663,69
1416: 927,1150,1362
1417: 497,489,899,1096,1159
1418: 206,956,334,440,1035,125
1419: 501,814,71,181,836
1420: 7,349,1000,244,1013,1129
1421: 918,964,604,1223,1308,1118
1422: 834,1434
1423: 1523,1203,1473
1424: 119,1268,674,359,1449
1425: 1214,653,644,1470
1426: 575,939,419,1149,1135,990
1427: 576,724,1177,367,625
1428: 1126,1399,1252,1323,1529
1429: 1172,920,1091,873,368
1430: 588,685,849,1201,1011,1518
1431: 729,1508,379,1329,1257
1432: 1475,475,1471,464,643,177
1433: 1061,1185,1263,1179,1335,1511
1434: 658,1404,834,1319,1422
1435: 1122,1355,1539,1233,367,877
1436: 846,904,72,280,82
1437: 869,672,443,1396,844,880
1438: 966,747,1293,1489
1439: 807,1188,1249,1210,910,747
1440: 1150,989,1483,1041
1441: 1076,1235,1290
1442: 637,864,831,1128,1086
1443: 7,137,325,931,349
1444: 1101,1528,370,315,1296,975
1445: 1301,1118,1299,1472,1223
1446: 773,376,1053,1079,549
1447: 1122,1083,1180,1177,367
1448: 993,1232,663,1501,958,1406
1449: 359,865,1468,1424,1024
1450: 595,1203,1288,1217,952,1473
1451: 1257,1455
1452: 490,726,945,764,396,1493
1453: 1204,1291,1377,853,1112,1401
1454: 1303,1289,1148,1400,1413
1455: 1166,1315,1257,1451
1456: 302,861,1152,292,1254
1457: 1114
1458: 1172,645,524,1075,920
1459: 937,1082,391,313
1460: 1381,871,1339,596,1226
1461: 379,1338,1341,1096,1002
1462: 1130,334,347,1496,150,357
1463: 995,1032,1140,883,1189,982
1464: 706,742,1160,1261,978
1465: 992,1330,527,1534
1466: 927,1150,930,1085,782
1467: 1174,890,1246,932,1522,1533
1468: 453,865,1449,1024,687
1469: 729,987,1145,1294,1508,1067
1470: 653,1121,1425
1471: 1127,1475,1432,717,1264,177
1472: 1299,756,1445,1223
1473: 1288,1450,1423
1474: 1176,1086,1161,1003
1476: 1315,1023,863,1329,1239
1477: 699,605,1025,130,606,80
1478: 730,1232,663,69,763,875
1479: 1389,929,1269,376,1079
1480: 1314,1147,1361,299,1387,1275
1481: 1389,1057,1510,806,1207
1482: 869,1517,1305,844,551,592
1483: 1151,1363,1138,1440,1041
1484: 395,1317,1044,666,1497
1485: 932,1393,1321,1533,929
1486: 879,915,905,590,1234,1142
1487: 630,856,906,1108,1156
1488: 611,859,1195,462,248
1489: 364,1293,1182,1336,966,1438
1490: 1194,1109,1285,1351,950
1491: 1309,1504
1492: 601,1532,784,797,428
1493: 772,1267,469,1452,945,396
1494: 1176,881,1182
1495: 1061,1263,974,828,1332
1496: 334,357,1462,1175,1035
1497: 1134,1044,666,1484
1498: 1357,284
1499: 1016,1292,806,986,1057
1500: 1344,1351
1501: 1033,1238,663,1448,958
1502: 1370,248,479,459,611
1503: 1327,332,309,492,575,990
1504: 1524,602,1491
1505: 972,1052,705,1153,1527
1506: 1534,1230
1507: 1083,1513
1508: 729,1145,1002,1431,1469,379
1509: 872,413,1165,1519,1201
1510: 1154,898,806,1269,1481
1511: 1335,1433,1185
1512: 1285,529,1407,1183
1513: 1196,1507
1514: 1202,1106,1520,1355,1539
1515: 1093,740,568,1072,494
1516: 456,1342,1137,928,1385
1517: 869,517,600,1482,592
1518: 1011,1430
1519: 1165,1509,1201,1217,952,1011
1520: 1131,1105,1202,1106,1514
1521: 1231,470,1121,948
1522: 1246,1467,1381
1523: 658,925,1423
1524: 1504,1278
1525: 1378,1039,1324,1037
1526: 843,1212,781,155,652
1527: 1505,705,1153,845,1374
1528: 1101,1444,1193,1157,315
1529: 1108,1158,1323,1399,1428
1530: 307,1125,109,187,931,897
1531: 742,716,921,1215,978
1532: 1492,1191,601,874,581,428
1533: 1174,932,1393,1467,1485
1534: 1465,1506,1023
1535: 1069,1100,1360,670,1383
1536: 563,328,335,521,803
1537: 1353,1388,751,1313,1245
1538: 671,630,809,1156
1539: 1355,1435,1233,1106,1514