0: 192,6,167,145,185,179
223: 211,193,13
2: 164,78,181,73,4
3: 209
4: 55,2,181
199: 16,109,70
6: 192,0,47,145
7: 57,16,176,218,78
8: 202,23,208,21,37
191: 53,86
10: 43,109,70
11: 
12: 
13: 211,223,110
213: 
15: 186,207,94,39
16: 53,7,57,199
17: 185,192,41,173
18: 39,176,189,218,89
19: 38
210: 117,177,143,158,44
21: 202,8,37,58,82,216,193
22: 27,152,220,156
23: 8,208,54,110,69
24: 
219: 195,216,193
26: 
27: 22
28: 
29: 43,197
30: 186,97
209: 3,107,185,156,179
32: 
33: 214
193: 223,82,216,219,119,21
35: 
36: 121,106
37: 58,142,181,202,8,21
38: 94,19,176,189
39: 18,189,15
40: 
41: 224,17,173
192: 0,6,224,17,185
43: 29,10,197
44: 188,210
45: 197
195: 80,64,219,214,216
47: 6
48: 151
188: 44
52: 
53: 191,57,16,86,167,145
54: 23,183,107,69
55: 89,118,60,204,4
217: 68,117,158,60
57: 53,7,16,167,164,78
58: 37,214,142,216,21
197: 43,29,109,86,45
60: 89,118,55,217
61: 150
62: 160
63: 81
64: 195
206: 178,225
66: 
67: 
68: 158,217
69: 23,54,110
70: 10,212,199
201: 104,131
72: 
73: 2,95,181,183,208
74: 
75: 87,224,138
189: 38,94,39,18,176
186: 30,207,15,97
78: 164,2,7,57
79: 
80: 195
81: 63,106,205
82: 216,21,193
216: 58,214,82,219,195,21,193
179: 209,185,167,164,95,0
85: 
86: 53,191,145,109,197
87: 75
88: 110,205
89: 60,55,18
203: 
224: 192,75,41,138
92: 
93: 
94: 38,189,104,15
95: 164,183,73,179
215: 171
97: 186,30,207,222,196
98: 196
185: 17,209,179,192,0
101: 187
102: 
103: 118
104: 201,150,94
198: 165,161
106: 81,187,36
107: 209,156,183,54
108: 151,144,184,149
109: 10,197,86,199
110: 23,205,13,69,88
111: 
112: 173
113: 124,152
204: 55
218: 18,176,120,7
116: 
117: 177,158,210,217,221
118: 60,55,221,103,122
119: 193
120: 218
121: 36,152
122: 142,118
123: 187
124: 113,149,152,184
125: 
221: 117,118
127: 
128: 
208: 23,8,181,73
205: 211,110,81,88
131: 201
132: 
190: 161
212: 150,70
184: 108,144,220,124,149
136: 225
187: 106,123,101
138: 157,75,224
196: 98,222,97
222: 154,196,97
183: 95,73,54,107
142: 37,58,122
143: 210
144: 108,151,173,184,220
145: 53,86,167,0,6
220: 156,22,144,184
147: 
214: 33,58,216,195
149: 124,108,184
150: 212,61,104
151: 48,108,144,173
152: 121,22,113,124
153: 
154: 222
155: 
156: 220,209,107,22
157: 138
158: 68,117,182,210,217,207
202: 8,21,37
160: 62
161: 190,198
162: 
207: 186,15,97,182,158
164: 2,95,78,57,167,179
165: 198
211: 205,13,223
167: 53,57,145,164,0,179
200: 
169: 
170: 
171: 215
194: 
173: 151,144,41,17,112
174: 
175: 
176: 38,18,189,218,7
177: 117,210
178: 206
180: 
181: 2,73,4,37,208
182: 158,207
225: 136,206