0: 4,9,75,23,76,3
1: 118,6,100,117,160
90: 106,132,39,30,19
3: 23,33,0,9,29,46
4: 0,24,55,9,75,84
5: 138,94,22,32,88,24
6: 1,100,160,12,56,78
7: 89,72,109,152
8: 138,105,75,20,115,76
9: 0,4,84,86,29,3
10: 118,160,45,41,113
64: 42,65,110,46,33,38
12: 121,113,91,166,6,160,78
13: 142,93
14: 77,165,61
15: 128,109,136
16: 89,72,82,34,49,81
17: 44,63,57,143,54,157
18: 87,85,103,114
19: 83,27,149,112,106,90
20: 115,146,95,8,47,76
21: 135,45,41,36
22: 5,49,94,81,32,143
23: 28,33,47,76,3,0
24: 55,4,75,88,5,138
25: 102,139,120,122,125,150
26: 147,106,132,151,156
27: 19,86,149,112
28: 23,33,47,38,123,116
29: 86,149,9,3,46,60
30: 114,52,144,39,90,132
31: 135,127,108,74,97,79
32: 63,88,143,5,22
33: 23,28,38,3,64,46
34: 102,164,54,89,16,81
35: 67,70,77
36: 41,53,80,21
37: 71,43,85,78,87,129,166
38: 28,33,116,64,110,126
39: 99,71,144,30,112,90
40: 141,58,133
41: 53,36,113,21,45,10
42: 64,65,46,107,60
43: 99,71,37,56,78
44: 17,57,157,108,45
45: 21,41,44,157,10
46: 42,64,60,29,33,3
47: 23,28,123,76,20,146
48: 161,93,91,140,142,104,121
49: 94,22,59,81,16,82
52: 114,30,132
53: 104,41,80,121,36,113
54: 17,57,143,102,34,81
55: 24,4,84,100,117,66
56: 99,43,154,6,100,66
57: 17,44,54,79,108,120
58: 68,133,40
59: 49,105,94,82,148,162
60: 42,46,107,83,29,149
61: 141,70,95,14,77
99: 71,43,39,154,56,112
63: 17,32,88,157,118
65: 42,64,110,101
66: 100,154,56,55,84,86
67: 35,128,148,145,162
68: 158,58,126,133,116
69: 73,158,134,163
70: 145,61,95,35,77
71: 99,43,37,85,39,144
72: 89,16,7,109,82,136
73: 101,69,110,158,126
74: 97,31,127
75: 0,24,4,138,8,76
76: 23,47,8,0,75,20
77: 14,35,61,70,124
78: 43,37,12,166,6
79: 97,31,108,120,57
80: 104,53,36,130
81: 49,22,34,143,54,16
82: 72,16,136,49,59,148
83: 19,149,98,106,107,60
84: 55,4,9,66,86
85: 71,37,87,18,114,144
86: 29,27,66,154,9,84
87: 129,18,37,85
88: 32,63,117,5,24
89: 72,16,7,34,152,164
91: 161,48,129,166,121,12
92: 96,147
93: 161,48,142,13
94: 5,138,49,105,22,59
95: 141,20,115,61,70,146
96: 92,98,107
97: 74,79,125,155,31
98: 147,106,83,107,96
100: 1,6,117,66,56,55
101: 73,65,110
102: 25,139,34,120,164,54
103: 114,18
104: 53,80,121,130,140,48
105: 138,94,59,8,115
106: 147,26,98,90,83,19
107: 42,60,83,98,96
108: 135,31,79,44,57
109: 72,7,136,15
110: 64,65,38,126,73,101
111: 142,140
112: 19,27,99,39,154
113: 41,53,121,12,10,160
114: 103,52,144,30,18,85
115: 145,20,95,105,8
116: 28,38,123,68,126,133
117: 1,118,100,88,55
118: 1,10,117,63,157
119: 156
120: 25,102,79,125,57
121: 104,53,113,12,48,91
122: 25,139,159,137
123: 28,47,116,141,146,133
124: 153,77
125: 97,150,155,25,120
126: 158,68,38,116,110,73
127: 135,31,74
128: 15,67,148,136
129: 161,87,91,166,37
130: 140,104,80
131: 165,153
132: 26,90,151,52,30
133: 68,58,123,116,40
134: 69,163
135: 31,21,127,108
136: 72,109,82,128,15,148
137: 159,152,122
138: 5,105,94,8,24,75
139: 25,102,152,122,164
140: 130,111,142,104,48
141: 61,146,95,123,40
142: 111,13,140,93,48
143: 17,32,54,22,81
144: 114,30,71,85,39
145: 115,70,162,67
146: 141,20,95,47,123
147: 26,98,106,156,92
148: 128,67,82,136,59,162
149: 83,19,29,27,60
150: 125,155,25
151: 26,132,156
152: 139,164,137,89,7
153: 124,131
154: 99,56,66,86,112
155: 97,125,150
156: 147,26,119,151
157: 17,44,63,45,118
158: 68,126,73,69
159: 137,122
160: 1,6,10,113,12
161: 93,48,91,129
162: 145,59,67,148
163: 134,69
164: 102,139,34,152,89
165: 14,131
166: 91,129,12,37,78