447: 1027,65,184,110,704,1186
1: 118,6,78,261,186,337
90: 83,19,211,372,224,283
313: 698,1227,937,1459,1374,705
241: 712,217,557,124,641,702
5: 1064,94,422,371,55,338
6: 1,78,100,261,66,329
7: 1443,349,1420,122,152,1013
8: 482,381,912,624,1019,498
9: 24,404,84,338,287,23
10: 337,160,410,113,171,118
64: 402,246,259,42,317,340
12: 160,113,53,566,190,793
13: 363,621,249,1224,93,303
14: 258,165,153,77,61,233
15: 288,455,406,688,703,668
16: 264,34,1129,1205,589,164
17: 276,44,32,63,157,226
18: 229,414,617,774,114,380
19: 83,623,356,90,283,149
20: 812,297,446,442,1615
21: 257,530,389,358,41,423
22: 276,32,319,232,532,94
23: 33,913,981,9,404,287
24: 854,55,388,9,84,338
25: 227,940,676,448,955,917
26: 250,935,198,1608,1580,675
27: 278,283,192,149,780,112
28: 384,225,434,354,38,259
29: 46,768,287,86,220,33
30: 620,692,642,242,277,520
31: 176,721,263,182,237,345
32: 17,276,22,371,63,94
33: 23,220,212,913,287,29
34: 264,16,589,81,472,1408
35: 258,77,608,216,557,124
36: 622,530,389,421,650,324
37: 255,207,201,648,491,766
38: 409,246,638,259,28,225
39: 651,85,144,333,1346,801
40: 323,326,458,346,167,260
41: 358,45,389,21,410,547
42: 340,885,485,64,402,266
43: 836,308,286,166,207,766
44: 17,276,143,108,226,300
45: 358,41,108,226,410,171
46: 735,29,317,768,340,220
47: 812,573,95,297,256,1073
48: 344,121,91,457,435,221
49: 794,138,1408,105,876,1266
52: 333,304,936,1058,519,85
53: 104,324,566,12,547,113
54: 102,240,79,319,450,143
55: 24,388,338,371,88,5
56: 1419,71,501,78,66,649
57: 102,79,472,120,1300,488
58: 570,1065,1394,346,141,1043
59: 804,683,162,195,196,145
60: 278,149,356,735,768
61: 77,14,233,70,179,293
99: 649,290,71,181,1583,452
63: 17,371,32,157,186,88
65: 266,1027,447,302,184,402
66: 154,329,649,56,6,78
67: 312,608,733,561,557,702
68: 116,570,1065,903,200,215
69: 663,1478,875,610,1415
70: 765,183,216,179,77,61
71: 1419,181,56,649,99
72: 904,244,1205,204,846,1436
73: 639,493,126,820,110,1186
74: 559,536,503,819,565,127
203: 843,1095,847,473,677
76: 1615,381,274,913,981,446
77: 258,14,35,61,216,70
78: 1,6,337,501,56,66
79: 54,102,240,57,331,120
80: 605,130,1477,411,622,421
81: 102,450,472,34,1408,876
82: 725,195,280,136,1436
83: 623,19,90,675,998,224
84: 854,24,9,287,86,780
85: 519,1080,651,39,52,333
86: 278,780,84,287,29,768
87: 1077,767,282,275,648,491
88: 261,186,371,63,55,388
89: 956,164,1409,139,152,1013
91: 344,308,121,407,48,362
92: 539,359,390,674,318,752
93: 253,303,362,363,13,344
94: 532,5,422,22,371,32
95: 812,573,47,765,179,115
96: 554,390,98,318,298,1254
97: 176,263,473,536,503,238
98: 554,96,247,571,1152,1254
100: 6,261,329,854,388,192
101: 741,830,1078,1187,1060,1111
102: 54,79,57,450,81,472
103: 1072,441,656,797,719
104: 650,53,850,324,566
105: 49,138,1266,236,498,1312
106: 623,998,412,1063,833,477
107: 265,571,485,861,1063,1152
108: 358,365,45,226,300,44
109: 931,349,1000,307,1055,1530
110: 184,409,447,126,73,1186
111: 515,205,435,330,221,1256
112: 211,154,329,283,192,27
113: 10,12,160,410,547,53
114: 304,767,774,18,380,1058
115: 765,145,162,442,812,95
116: 133,465,68,1065,903,180
204: 846,1000,72,244,1055
118: 1,186,10,337,171,157
119: 234,754,544,1268,674,1424
120: 627,331,269,488,79,57
121: 1009,407,91,48,457,762
122: 474,152,1541,7,137,1443
123: 384,434,146,274,446
124: 241,557,641,258,449,35
125: 139,334,150,1418,956
126: 639,73,180,409,638,110
127: 605,565,74,503,175,411
128: 366,148,846,288,688
129: 166,253,161,282,207,648
130: 80,1477,223,980,606,622
131: 538,526,514,661,726,471
132: 430,178,397,156,1322,151
133: 465,116,1065,1394,543
134: 1475,475,531,437,382,823
135: 963,693,248,1195,1025,731
136: 350,148,804,195,82
137: 1443,408,474,122,353,325
138: 49,105,876,232,236,532
139: 125,152,1541,956,89
140: 400,1056,355,330,285,378
141: 346,1043,316,167,268,58
142: 270,1224,1163,923,789,322
143: 276,44,300,54,240,319
144: 651,1580,39,1565,801,1608
145: 196,765,183,115,59,162
146: 543,123,434,505,1073
147: 178,156,188,1103,314,234
148: 350,136,366,128,846
149: 278,283,27,60,356,19
150: 1462,1130,334,125,294,1603
151: 517,710,600,430,132,1322
152: 139,122,1541,89,7,1013
153: 258,165,449,14,514,518
154: 211,112,66,329,649,290
155: 1643,1313,1215,1582,858
156: 178,132,147,1322,234,544
157: 17,63,226,171,118,186
158: 513,1242,682,163,239,306
159: 448,955,1004,1184,578,222
160: 10,12,337,113,501,190
161: 129,253,303,282,252,615
162: 59,683,461,442,145,115
163: 158,682,306,522,508,1199
164: 589,89,1409,16,1129,1013
165: 153,14,233,867,518,170
166: 129,253,362,308,43,207
167: 346,141,316,867,40,458
168: 629,385,209,511,432,635
169: 345,594,627,331,375,427
170: 500,518,165,867,954,458
171: 10,410,45,226,157,118
172: 1405,466,810,679,737,267
173: 289,555,995,1032,632,785
174: 323,326,736,382,560,823
175: 263,237,503,127,411,202
176: 97,31,263,182,694,238
177: 643,567,753,717,1587,1432,1471
178: 397,401,132,147,156,1103
179: 765,70,573,95,61,293
180: 639,126,638,465,116
181: 71,836,201,766,1583,99
182: 176,31,694,556,345,375
183: 718,196,765,145,216,70
184: 409,402,246,110,447,65
185: 599,1402,715,219,227,1170
186: 1,118,261,88,63,157
187: 209,511,325,931,897,1530
188: 1022,1103,947,147,314,1617
189: 1005,219,889,281,193,758
190: 1419,793,814,12,160,501
191: 1004,942,816,537,940,955
192: 27,780,100,112,329,854
193: 889,189,281,348,916,262
194: 569,610,902,513,1242
195: 804,59,683,725,82,136
196: 718,145,183,804,59,374
197: 897,393,272,1585,385,209
198: 528,1565,224,1608,675,26
199: 309,1624,1316,1256,378
200: 215,260,431,301,68,570
201: 255,37,766,1583,181
202: 411,257,530,421,175,237
205: 515,111,1256,309,939,1221
206: 956,1300,488,1409,440,1418
207: 37,648,766,166,129,43
208: 374,312,251,561,350,366
209: 385,168,511,187,897,197
210: 1279,802,919,1306,392,369
211: 154,112,290,372,283,90
212: 220,33,274,354,913,384
213: 416,541,775,759,859,607
214: 720,996,394,1007,444,620
215: 200,431,68,903,563,1094
216: 718,183,70,608,77,35
217: 712,241,702,535,562,499
218: 445,748,322,1359,740
219: 1005,189,758,185,1402,1170
220: 33,212,354,29,317,46
221: 457,435,330,111,285,48
222: 454,273,291,159,448,578
223: 980,130,622,650,850
224: 528,198,372,83,90,675
225: 28,543,434,38,638,465
226: 108,45,171,17,44,157
227: 940,676,25,185,715,1170
228: 417,612,1282,732,1132,1036
229: 414,784,18,428,311,380
230: 496,737,1097,267,1372,507
231: 679,496,737,352,403,424
232: 319,450,22,138,876,532
233: 165,14,61,293,316,867
234: 119,754,544,147,156,314
235: 425,1080,651,1580,1206,250
236: 532,422,1019,498,138,105
237: 31,175,721,263,257,202
238: 694,593,847,473,176,97
239: 1187,579,306,1111,158,513
240: 54,79,594,331,300,143
242: 620,692,30,708,640,720
243: 538,526,500,460,669,613
244: 72,1129,1205,1420,1000,204
245: 961,1244,1190,1208,744,1576
246: 184,38,64,409,402,259
247: 554,98,1617
248: 135,1370,693,1502,1195,1488
249: 13,1224,789,1369,303,615
250: 1206,935,947,26,235,1580
251: 208,312,688,366,668,341
252: 275,690,983,615,161,282
253: 166,93,129,161,303,362
254: 516,398,1078,1326,1405,830
255: 201,37,491,1346,436,801
256: 573,47,1073,505,1043,268
257: 202,530,21,721,237,423
258: 153,77,449,14,35,124
259: 38,64,246,354,317,28
260: 200,301,346,570,40,326
261: 1,6,100,186,88,388
262: 609,348,979,1045,889,193
263: 176,97,31,175,237,503
264: 904,16,34,1205,794,1408
265: 485,107,1063,833,885
266: 65,302,42,485,861,402
267: 737,230,172,810,1372
268: 141,293,1043,316,573,256
269: 440,451,633,627,120,488
270: 621,142,1221,1224,1163,419
271: 497,489,626,1088,763,296
272: 197,393,336,385,773,1379
273: 454,399,468,291,222,408
274: 212,913,76,446,123,384
275: 983,252,774,282,767,87
276: 17,44,22,143,32,319
277: 642,30,520,425,397,401
278: 86,27,149,60,780,768
279: 914,976,418,533,868,481
280: 725,82,904,794,1266,1436
281: 189,193,916,1496,357,1175
282: 129,161,275,252,648,87
283: 27,149,211,112,19,90
284: 1498,1286
285: 457,330,221,140,714,400
286: 308,407,814,43,836
287: 9,84,86,23,33,29
288: 15,455,307,688,1055,128
289: 173,1032,632,1272,438,984
290: 211,154,649,99,452,372
291: 273,468,222,448,917,294
292: 516,298,1254,821,1456
293: 316,268,179,573,61,233
294: 1603,917,1130,150,468,291
295: 652,667,553,979,1212,1045
296: 1338,1059,763,489,271,730
297: 812,47,1073,446,20
298: 516,318,1326,292,1254,96
299: 1147,1480,1214,644,1352,1275
300: 365,108,594,240,44,143
301: 200,260,437,431,382,326
302: 266,1027,821,1456,65,861
303: 93,253,161,13,249,615
304: 52,333,1077,767,114,1058
305: 667,1020,553,978,1160
306: 239,579,820,508,158,163
307: 288,455,1125,1055,1530,109
308: 407,91,286,166,362,43
309: 199,990,939,205,1256
310: 456,1342,628,914,481,805
311: 654,478,380,1092,229,428
312: 208,251,67,733,561,341
314: 554,188,147,234,754
315: 602,370,882,1444,1528,1157
316: 141,293,167,867,268,233
317: 46,340,220,354,64,259
318: 298,752,1326,96,390,92
319: 54,450,232,276,22,143
320: 1571,825,1251,896,368,1382
1475: 1127,475,531,134,1432,1471
322: 789,218,445,748,923,142
323: 40,954,326,458,736,174
324: 650,53,104,36,389,547
325: 511,187,353,137,1443,931
326: 323,40,174,260,382,301
327: 1131,1202,1333,1641
328: 377,1302,563,335,522,1094
329: 154,112,66,6,100,192
330: 111,221,1256,285,378,140
331: 594,169,627,120,240,79
332: 1624,1503,990,1327
333: 52,1077,1346,304,85,39
334: 1462,1496,150,1035,1418,125
335: 1302,563,328,521,1536,755
336: 614,635,385,773,549,272
337: 10,160,501,1,118,78
338: 24,55,9,404,1064,5
339: 852,341,826,733,562,433
340: 735,42,317,46,885,64
341: 339,852,668,312,251,733
342: 487,550,578,454,387,495
343: 1014,1571,1068,825,941,908
344: 91,48,435,363,93,362
345: 169,375,427,31,721,182
346: 141,167,58,570,40,260
347: 1462,1130,357,1170,758,676
348: 609,593,509,916,262,193
349: 7,109,1443,931,1420,1000
350: 136,366,148,804,374,208
351: 1195,462,1056,731,355
352: 496,231,403,453,636,405
353: 629,511,325,399,408,137
354: 220,212,317,28,384,259
355: 140,1056,351,1316,462,378
356: 623,19,149,60,833
357: 1462,347,1496,281,758
358: 41,365,423,108,45,21
359: 539,92,865,1449,674,1424
360: 1052,1348,1014,1248,908,969
361: 486,884,1028,558,581,799
362: 166,93,253,344,308,91
363: 13,621,515,435,344,93
364: 1168,1293,700,1182,1123,1489
365: 358,423,108,300,594,427
366: 350,148,128,688,208,251
367: 1122,1177,1447,1435,1427
368: 896,873,1429,1337,1571,320
369: 540,1306,919,210,872,1366
370: 315,1309,602,1504,1090,975
371: 32,63,88,5,94,55
372: 528,452,224,211,290,90
373: 1070,636,901,1097,1368,523
374: 208,561,350,804,718,196
375: 345,169,627,556,182,451
376: 549,1446,1154,760,1269
377: 328,522,508,1094,839,493
378: 330,1256,1316,199,140,355
379: 1329,1341,1461,1508,1002,1431
380: 654,311,1058,229,18,114
381: 1615,8,912,624,76,981
382: 437,301,326,174,823,134
383: 921,841,723,1613,680,742
384: 28,123,434,274,212,354
385: 168,209,635,336,197,272
386: 1602,874,1270,1028,1295,727
387: 454,399,342,495,629,432
388: 854,24,55,100,261,88
389: 36,530,21,324,41,547
390: 554,96,754,674,318,92
391: 1082,1248,1459,1505,1052,705
392: 755,1113,1306,1181,802,210
393: 197,420,1144,272,1087,1379
394: 720,996,214,1307,884,799
395: 1317,666,1634,1484
396: 1452,490,499,712,1493,469
397: 430,178,401,132,277,520
398: 752,1326,254,424,1405,679
399: 454,273,387,408,629,353
400: 140,714,1056,980,285
401: 178,397,425,277,1206,1103
402: 184,64,246,42,266,65
403: 539,453,424,865,352,231
404: 9,338,1064,912,23,981
405: 636,1586,453,352
406: 15,455,591,703,868
407: 1009,308,121,91,286,793
408: 273,399,468,474,353,137
409: 184,38,246,638,110,126
410: 10,547,113,171,41,45
411: 202,421,605,127,80,175
412: 106,998,935,1022,477
413: 872,1588,1165,1509,580,1366
414: 229,494,1119,784,18,617
415: 599,770,1364,1317,1044,548
416: 213,759,859,1012,1644,739
417: 612,228,1132,781,1095,439
418: 914,279,791,1040,976,634
419: 1551,939,1163,1426,270,1221
420: 393,1087,584,1379,922,1040
421: 411,36,622,202,530,80
422: 1064,236,532,5,94,1019
423: 358,365,721,257,21,427
424: 539,403,398,752,679,231
425: 1080,235,642,277,1206,401
426: 535,1403,499,792,911,469
427: 345,594,169,721,365,423
428: 229,1492,784,1532,311,478
429: 1395,462,1488,611,859
430: 397,132,520,444,710,151
431: 200,215,437,301,521,563
432: 629,168,387,635,495,577
433: 535,805,562,1403,339,826
434: 28,543,123,384,225,146
435: 515,111,221,363,344,48
436: 528,452,1565,801,255,1583
437: 431,382,301,521,531,134
438: 646,1304,1272,483,289,632
439: 559,677,417,1132,597,1095
440: 1035,633,269,1418,206,488
441: 1072,1093,967,103,656,603
442: 624,162,461,115,812,20
443: 996,1373,1007,1396,1437,672
444: 214,1007,620,520,430,710
445: 506,789,218,1369,322
446: 297,20,1615,76,274,123
448: 159,955,917,25,291,222
449: 258,153,124,641,471,514
450: 54,102,319,81,232,876
451: 709,633,269,556,627,375
452: 528,436,372,1583,290,99
453: 403,865,1468,352,405
454: 273,399,387,222,342,578
455: 15,288,307,406,1125
456: 1342,310,1516,938,914,791
457: 221,285,714,762,121,48
458: 323,40,954,167,867,170
459: 479,851,808,611,607,1502
460: 243,500,954,736,613,484
461: 683,162,442,482,624
462: 351,1395,1195,429,1316,1488,355
463: 988,1191,671,1297,1598,1356
464: 1375,1089,475,1432,1099,1587
465: 133,116,543,225,638,180
466: 741,1405,830,172,1622,810
467: 1005,889,1178,1020,553,979
468: 273,291,408,294,474,1603
469: 1493,1267,911,426,499,396
470: 1231,1521,1601,948,525,1236
471: 490,726,641,449,131,514
472: 102,57,81,589,1300,34
473: 536,677,203,847,238,97
474: 122,1541,1603,468,408,137
475: 1475,134,1432,823,464,1089
476: 1273,1376,1180
477: 571,1063,106,412,1022,1617
478: 311,1092,428,1532,486,581
479: 959,851,749,459,1370,1502
480: 888,574,542,907,1071,1075
481: 533,826,914,279,310,805
482: 8,624,498,1312,461
483: 1304,438,632,732,1081,1036
484: 560,1310,460,736,613,660
485: 265,107,861,42,885,266
486: 361,884,581,478,1092,708
487: 342,750,695,550,1184,578
488: 206,1300,440,269,120,57
489: 497,271,1417,1578,1338,296
490: 1452,726,396,471,712,641
491: 255,37,648,1077,1346,87
492: 564,888,1327,524,1597,1503
493: 639,839,73,820,377,508
494: 1119,414,568,617,994
495: 761,577,342,550,387,432
496: 737,230,1097,352,231,636
497: 489,1372,271,626,1417
498: 236,1019,105,1312,482,8
499: 426,535,712,217,469,396
500: 243,526,518,170,460,954
501: 337,160,1419,190,56,78
502: 985,1540,1185,1061,1397
503: 536,74,127,97,175,263
504: 943,1030,583,746,1268
505: 543,146,256,1073,1043,1394
506: 445,1369,568,690,994
507: 899,1372,230,1097,523
508: 377,522,493,820,306,163
509: 694,593,348,556,916,709
510: 1311,1390,1639,1607
511: 629,168,209,187,353,325
512: 809,1241,1265,815,1654
513: 158,1242,239,1111,902,194
514: 131,526,518,153,449,471
515: 205,435,111,363,621,1221
516: 298,1078,1326,254,292,821
517: 869,672,710,600,1517,151
518: 526,500,514,170,165,153
519: 1080,85,52,936,692,642
520: 620,30,277,444,430,397
521: 437,431,563,335,531,1536
522: 377,1302,328,508,1199,163
523: 855,1368,1097,373,899,507
524: 1458,1075,1597,1149,888,492
525: 948,681,470,1236,808,775
526: 243,538,131,500,514,518
527: 1406,1465,993,1023,863
528: 452,436,1565,198,372,224
529: 1512,1285,684,1120,1183,678
530: 257,36,202,389,421,21
531: 1127,1475,134,1536,437,521
532: 236,94,422,232,22,138
533: 703,852,868,826,481,279
534: 772,1267,1228,962,1244,1589
535: 426,562,1403,499,433,217
536: 559,473,677,74,503,97
537: 770,715,965,942,191,940
538: 243,131,526,661,1051,669
539: 403,359,424,92,865,752
540: 369,685,886,1611,919,872
541: 213,775,759,681,1542,951
542: 743,619,1008,1071,480,574
543: 225,434,146,505,133,465
544: 234,119,1268,156,1322,746
545: 963,693,1325,631,1258,788
546: 827,686,816,1349,857,1211
547: 410,113,389,53,324,41
548: 965,790,1262,1044,415,770
549: 773,376,1446,614,760,336
550: 1120,342,750,487,495,761
551: 1284,1193,934,1482,1305,592
552: 1231,745,1601,828,1495
553: 305,667,1020,295,979,467
554: 96,314,390,98,247,754
555: 173,632,785,1282,1245,732
556: 694,509,182,709,451,375
557: 241,124,702,608,67,35
558: 361,1028,799,977,926,727
559: 536,677,439,74,819,597
560: 823,484,1089,1310,736,174
561: 374,208,312,608,67,718
562: 535,433,339,733,217,702
563: 328,335,1094,215,431,521
564: 888,1218,492,574,1012,1327
565: 699,605,127,788,74,819
566: 53,104,1009,12,793
567: 643,753,177,1358,697
568: 506,1515,994,494
569: 1088,616,875,610,194
570: 68,58,1065,346,200,260
571: 107,1063,1152,477,98
572: 655,662,707,1240,582,1047
573: 95,47,256,179,293,268
574: 564,888,1218,480,743,542
575: 1426,1135,1597,1503,990
576: 786,1021,977,724,1177,1427
577: 614,635,495,769,761,432
578: 342,487,1184,159,454,222
579: 1187,239,704,1186,306,820
580: 1588,413,1165,753,697,1380
581: 361,486,1028,1532,874,478
582: 711,973,1619,1047,662,572
583: 504,1030,1268,1424,1449,1024
584: 1053,1379,862,420,1609,922
585: 1029,1384,1271,933,657,1385
586: 1146,798,923,969,713,748
587: 738,1049,1124,1141,1168,700
588: 1518,1430,849,1564
589: 164,1300,1409,472,16,34
590: 1142,1133,1368,901,905,1486
591: 1144,1087,406,976,868
592: 943,1482,1517,1284,551
593: 609,694,509,348,238,847
594: 169,331,427,365,300,240
595: 952,1450,1561,1596,1288
596: 1200,1339,1197,779,1645,1460,1226
597: 631,1132,1050,559,439,819
598: 1356,1378,1039,1345,1270,815
599: 415,770,185,1402,1364,715
600: 517,1517,151,1322,746
601: 1602,988,719,1532,874,1492
602: 315,370,882,1504,1618
603: 656,1209,856,1281,441,967
604: 857,950,1421,918,964,1328
605: 699,565,127,80,1477,411
606: 1056,980,731,1025,130,1477
607: 213,611,775,859,808,459
608: 67,561,718,216,557,35
609: 593,348,262,1045,847
610: 569,875,194,1243,1242,1415,69
611: 859,607,459,1502,429,1488
612: 417,1282,858,228,781
613: 669,757,660,243,460,484
614: 635,760,769,577,336,549
615: 690,252,249,1369,161,303
616: 1088,569,1622,810
617: 983,774,994,494,414,18
618: 1317,1634,1020,1364,1178
619: 1387,1008,1275,542,1162,1071
620: 242,30,520,720,214,444
621: 270,363,13,1221,1224,515
622: 36,421,130,80,223,650
623: 83,356,106,19,998,833
624: 442,482,1615,381,8,461
625: 877,701,842,1435,1427,724
626: 497,1372,271,810,1088
627: 169,331,375,120,451,269
628: 657,1342,310,805,1403,792
629: 168,511,432,353,399,387
630: 671,1209,856,1538,1487
631: 1050,1258,597,545,819,788
632: 289,173,555,438,483,732
633: 440,1175,709,1035,451,269
634: 791,1040,418,722,1581,922
635: 614,577,336,385,168,432
636: 1070,373,1586,405,496,1097,352
637: 831,1208,1576,864,1442
638: 38,409,225,465,126,180
639: 839,493,126,73,180
640: 936,654,1092,708,692,242
641: 712,241,124,449,490,471
642: 692,30,277,425,519,1080
643: 567,177,1031,1587,647
644: 653,1139,1214,1425,299,1352
645: 1172,1149,1068,941,1135,811
646: 1332,1304,1272,953,438,1104
647: 734,870,1099,643,1031,1587
648: 207,37,491,129,282,87
649: 154,66,290,99,71,56
650: 104,850,324,223,36,622
651: 1080,235,85,1580,39,144
652: 667,295,716,1582,1212,1526
653: 1121,1139,644,1287,1425,1470
654: 936,311,380,1092,640,1058
655: 728,1414,662,1296,572,707
656: 1209,1297,603,441,103
657: 1342,628,1385,792,585,933
658: 1434,1523,1422
659: 1255,932,1192,1226,1246,1200
660: 757,613,1124,1141,484,1310
661: 726,764,538,131,860,1051
662: 655,1414,572,1556,582,1412
663: 1448,1232,1478,69,1501,1033
664: 1154,898,1183,678,760,769
665: 1592,1552,1016
666: 395,1261,1283,1098,1497,1484
667: 305,652,295,553,978,716
668: 703,852,341,15,688,251
669: 757,891,613,1605,243,538
670: 1069,1100,778,1259,1110
671: 630,1209,1297,1538,1598,463
672: 869,1437,517,710,443,1007
673: 957,795,1320,1116,1105,1106
674: 119,754,1424,390,359,92
675: 83,998,198,224,935,26
676: 227,917,25,1130,347,1170
677: 559,473,536,439,203,1095
678: 769,761,529,1120,664,1183
679: 737,231,398,424,1405,172
680: 742,1001,1136,706,723,383
681: 1287,948,1542,525,541,775
682: 158,1243,824,1242,163,1199
683: 59,725,162,195,461
684: 1109,1285,529,1120,750,1229
685: 540,1611,872,1509,1430,1201
686: 827,546,1004,816,695,1184
687: 1225,1468,1024,829,696
688: 15,288,366,128,668,251
689: 1081,1258,1304,953,959,1325
690: 983,252,994,615,506,1369
691: 943,1030,1284,1365,1225,783
692: 642,242,30,936,640,519
693: 135,963,1370,545,248,1325
694: 593,509,556,238,176,182
695: 750,487,1229,1184,827,686
696: 687,829,1240,1331,1586
697: 567,753,1358,580,822,1380
698: 313,1252,1227,937
699: 605,1025,565,788,1477,963
700: 364,1168,1293,1210,1049,587
701: 1396,1276,877,625,842,1373
702: 217,241,557,67,733,562
703: 852,668,533,868,15,406
704: 1187,1060,579,1186,1027,447
705: 1527,1374,391,1459,313,1505
706: 680,742,1098,1001,1464,1261
707: 655,728,572,783,829,1240
708: 1092,640,486,884,242,720
709: 1175,451,633,509,556,916
710: 517,672,151,1007,444,430
711: 1062,1234,973,1619,582,895
712: 217,241,641,499,490,396
713: 811,798,586,923,1551,1163
714: 400,457,285,762,850
715: 537,599,770,185,227,940
716: 652,667,978,1215,1531,1582
717: 753,177,1471,1010,1264,1646
718: 196,183,216,374,608,561
719: 988,601,103,1297,1492,797
720: 214,394,708,884,620,242
721: 31,237,257,345,427,423
722: 1609,1574,1192,1066,1581,922,634
723: 1222,1038,1613,680,1136,383
724: 576,977,926,625,842,1427
725: 683,195,82,1312,280,1266
726: 1452,490,661,764,471,131
727: 1021,977,1295,386,1028,558
728: 655,1296,707,783,1101,1365
729: 1649,1623,1469,987
730: 1232,1054,1478,763,1059,296
731: 606,135,351,1195,1025
732: 1282,228,555,632,483,1036
733: 312,67,339,341,562,702
734: 910,870,647,1031,1188,1280
735: 46,768,340,885,60
736: 323,954,174,460,560,484
737: 679,496,230,267,231,172
738: 870,1049,1099,587,1141,1375
739: 1624,416,1644,1395
740: 1093,866,1515,218,1359
741: 101,830,466,902,1622,1111
742: 680,706,1464,383,921,1531
743: 1008,542,1277,1218,574,951
744: 771,961,245,1208,777,817
745: 552,1231,1340,1179,1263
746: 504,1322,600,544,1268
747: 1438,1560,1570,1293,1210,1439,1591
748: 218,322,1359,1146,586,923
749: 479,959,1143,851,953,1104
750: 1120,695,487,550,1229,684
751: 1537,982,1353,1388,995,785
752: 318,398,1326,539,424,92
753: 567,177,717,697,1588,1646,580
754: 234,119,674,554,314,390
755: 803,1113,392,1181,1302,335
756: 1599,1377,1308,1472,1626,1223
757: 669,796,891,613,1124,660
758: 219,189,347,357,1170
759: 213,416,541,1218,951,1012
760: 614,769,1154,664,376,549
761: 678,495,769,577,1120,550
762: 850,714,457,1009,121
763: 1088,875,271,730,1478,296
764: 1452,661,726,945,1167,860
765: 145,183,70,179,115,95
766: 207,201,37,43,181,836
767: 1077,304,114,87,275,774
768: 735,29,46,278,86,60
769: 614,678,760,761,577,664
770: 415,537,599,715,965,548
771: 961,744,1220,848,1102,777
772: 534,1493,1267,945,1244,1190
773: 1053,1379,549,1446,336,272
774: 275,983,617,18,767,114
775: 213,541,607,681,525,808
776: 1076,915,1631,1062
777: 1253,817,771,744,1006,1102
778: 1100,670,1216,1137,1029
779: 1339,1197,596,928,1137,1216
780: 278,192,86,27,854,84
781: 843,1095,1526,417,612
782: 1497,1134,930,1283,1466
783: 728,707,691,1365,1225,829
784: 229,1492,1119,414,797,428
785: 173,555,995,1537,751,1245
786: 576,1021,887,1177,1633,1171
787: 1324,1273
788: 699,565,631,963,545,819
789: 445,1369,322,142,249,1224
790: 1112,965,837,1367,1262,548
791: 914,418,634,1581,456,938
792: 426,1403,657,628,933,911
793: 190,814,566,1009,407,12
794: 49,1408,1266,904,264,280
795: 957,673,880,1233,1276,1106
796: 757,891,970,1124,1168,1123
797: 1492,1119,784,1072,103,719
798: 811,908,586,969,713,941
799: 361,884,558,926,394,1307
800: 1048,1164,1155,1556
801: 436,1565,255,1346,39,144
802: 1018,1279,210,824,1113,392
803: 755,1264,1181,1127,1536
804: 59,195,350,136,374,196
805: 1403,433,826,481,310,628
806: 1499,1292,1577,1057,1481,1510
807: 1570,1604
808: 1236,851,459,525,775,607
809: 1632,1265,512,1598,815,1538
810: 466,172,1622,267,616,626
811: 798,713,645,941,1551,1135
812: 95,297,47,20,442,115
813: 1259,962,1384,1271,1625,968
814: 1419,190,793,836,286
815: 809,512,1598,1654,1356,1039,598
816: 686,546,1004,942,191,1349
817: 777,1253,1161,864,1208,744
818: 1392,896,873,1554
819: 559,74,631,597,565,788
820: 493,73,579,1186,306,508
821: 1027,302,516,1078,292,1060
822: 925,946,1358,697,1203,1380
823: 560,1089,174,382,475,134
824: 1243,682,1199,1113,1018,802
825: 1014,1571,320,343,1411,1382
826: 339,852,533,481,805,433
827: 686,546,857,1328,695,1229
828: 552,1601,1495,1332,1104,1143
829: 687,1225,1240,696,707,783
830: 741,1405,101,466,1078,254
831: 637,1167,1371,860,1128,1576
832: 849,886,1611,1406,958,1330
833: 265,1063,623,356,106
834: 1604,1249,1319,1434,1422
835: 1207,1481,1389,929
836: 814,43,181,286,766
837: 853,1112,965,790,942,1349
838: 1006,1573
839: 639,493,903,377,1094
840: 1159,944,1142,855,1133,1318
841: 383,921,892,1613,1353
842: 625,701,724,926,1373,1307
843: 1212,781,203,1095,1526
844: 957,1305,880,869,1437,1482
845: 906,1398,1527,1158,1374
846: 204,148,128,1436,72
847: 203,473,609,593,238
848: 1220,1625,1107,771,961,1589
849: 832,1611,1564,588,1430
850: 650,762,104,714,223
851: 1236,479,1143,808,749,459
852: 339,703,668,533,341,826
853: 1112,837,1204,1453,1211,1349
854: 24,388,84,100,192,780
855: 1159,840,1142,1368,523,899
856: 630,1209,603,1398,1487,1281
857: 964,604,1328,1211,827,546
858: 612,1282,1245,155,1313
859: 213,416,611,607,429
860: 1167,1371,831,1051,661,764
861: 485,107,1152,266,1456,302
862: 584,1053,1079,1321,1609,1574
863: 1476,1023,993,1054,1239,527
864: 1161,817,1208,637,1086,1442
865: 539,403,359,453,1449,1468
866: 1093,740,967,1198,1350,1359
867: 316,167,165,233,170,458
868: 703,533,591,406,279,976
869: 1437,517,672,1482,1517,844
870: 910,734,738,1049,647,1099
871: 1391,1460,1339,1360
872: 413,1509,1366,369,685,540
873: 818,896,368,960,1429
874: 1602,601,386,1532,1028,581
875: 1088,569,763,610,1478,69
876: 49,138,1408,450,81,232
877: 1233,1276,625,701,1435
878: 1335,1652
879: 1076,1441,1235,1486,915,1655,1133
880: 957,795,844,1396,1276,1437
881: 1494,1442,1128,970,1182,1123
882: 315,602,1116,909,1157
883: 985,1260,1140,1189,1540
884: 361,486,799,708,720,394
885: 735,42,340,265,485
886: 832,540,1611,919,1238,958
887: 786,1021,1295,1638,1345,1171
888: 564,492,480,574,524,1075
889: 1005,467,189,193,979,262
890: 1174,1467,1522
891: 669,757,796,970,1605,1620
892: 1643,1313,921,841,1537,1353
893: 1015,1222,1038,1607,1074
894: 1219,1237,1134,1034,1559
895: 1048,1062,711,1619
896: 818,1251,873,1554,368,320
897: 197,1585,209,187,1125,1530
898: 1154,664,1183,1610,1562,1577
899: 1417,507,1159,855,523
900: 1334,1220,1102,1636
901: 1070,1173,373,905,590,1368
902: 741,1622,1111,513,194
903: 116,68,839,215,1094
904: 72,264,1205,794,1436,280
905: 1234,973,1173,901,590,1486
906: 1487,1158,845,1529,1108
907: 1553,1091,1071,480,1075,920
908: 798,969,1014,343,941,360
909: 1116,1566,1105,882,1618
910: 1210,734,870,1049,1188,1439
911: 1267,1228,469,426,792,933
912: 381,8,1064,1019,404,981
913: 23,33,274,212,981,76
914: 279,791,418,481,456,310
915: 776,1076,879,1486,1062,1234
916: 509,348,281,193,1175,709
917: 676,448,25,1130,291,294
918: 950,1421,604,1118,1558,1351
919: 1279,1238,210,369,886,540
920: 1172,1458,1075,907,1091,1429
921: 383,1643,892,1531,841,742
922: 1609,722,584,420,1040,634
923: 586,713,1163,142,748,322
924: 1637,1213,1037
925: 1423,1404,1523,946,822
926: 977,724,558,799,1307,842
927: 1085,1150,1635,1466
928: 1197,779,1137,1516,938
929: 1389,1479,835,1393,1485
930: 1150,1440,1283,1466,989,782
931: 109,1443,349,187,325,1530
932: 659,1255,1467,1533,1246
933: 1384,585,657,792,1228,911
934: 1193,1528,1157,551,1305,1320
935: 250,1022,947,26,675,998,412
936: 654,640,1058,52,519,692
937: 698,313,1600,1459,1593
938: 456,1516,1581,791,928
939: 419,1426,309,990,205,1221
940: 227,955,25,537,715,191
941: 1068,343,645,811,908,798
942: 191,816,1349,965,837,537
943: 504,1030,691,592,1284
944: 840,1133,1655,1318,1145,1294
945: 1452,764,772,1493,1190,1167
946: 925,1404,822,1031,1358,1280
947: 1206,250,188,935,1022,1103
948: 1121,1287,681,525,470,1521
949: 1046,997,1311
950: 918,604,1328,1109,1490,1351
951: 1218,1542,743,1277,541,759
952: 595,1217,1450,1519,1561
953: 646,1304,1104,959,749,689
954: 323,458,736,500,170,460
955: 940,159,448,25,1004,191
956: 206,89,1409,1418,125,139
957: 795,673,1305,844,1320,880
958: 1406,1238,1448,1501,832,886
959: 479,749,953,689,1370,1325
960: 1286,1247,1091,1429,873
961: 771,245,1244,744,1589,848
962: 813,1384,534,1228,1625,1589
963: 135,545,693,699,1025,788
964: 857,1421,604,1211,1204,1308
965: 837,790,548,537,770,942
966: 1114,1336,1489,1544,1560
967: 1281,1093,866,441,1198,603
968: 1334,1107,813,1259,1110,1117
969: 908,1146,798,586,1348,360
970: 796,891,1620,1128,881,1123
971: 1250,1251,1554
972: 1505,1052,1198,1348,1153,1350
973: 905,711,1234,582,1047,1173
974: 1397,1495,1332,1272,984
975: 1090,1590,1444,370
976: 279,1040,418,1087,591,868
977: 576,1021,724,926,727,558
978: 305,667,716,1464,1531,1160
979: 295,553,1045,467,889,262
980: 400,223,1056,606,130
981: 23,913,404,381,912,76
982: 751,1388,1543,1463,995
983: 275,690,252,617,774,994
984: 1272,1397,974,289,1032
985: 502,883,1540
986: 1499,1057
987: 1067,1575,1469,729
988: 1602,1191,463,601,719,1297
989: 930,1440,1283,1098,1041,1001
990: 309,1503,332,575,939
991: 1546,1613,1353,1388,1074,1038
992: 1465,1564
993: 1448,1232,1054,1406,527,863
994: 690,983,617,506,568,494
995: 173,1032,785,1463,982,751
996: 214,443,394,1373,1307,1007
997: 949,1046,1548,1274,1639,1311
998: 83,623,106,675,412,935
999: 1626,1599,1084
1000: 109,349,1420,244,1055,204
1001: 680,1098,1041,1136,706,989
1002: 1318,1508,1145,1096,379,1461
1003: 1573,1161,1474
1004: 686,191,816,159,955,1184
1005: 219,467,889,189,1178,1402
1006: 1042,1102,838,777,1253
1007: 996,214,443,444,672,710
1008: 743,619,1352,1275,542,1277
1009: 121,407,762,566,793
1010: 1264,1306,1181,717,1588,1646,1366
1011: 1518,1561,1621,1430,1201
1012: 564,1218,1327,1644,416,759
1013: 1129,152,164,89,7,1420
1014: 825,343,1248,1411,908,360
1015: 1222,893,1138,1151
1016: 1499,1292,665,1552,1407
1017: 1410,1386,1034,1084
1018: 1279,802,1033,1415,1243,824
1019: 1064,236,422,498,8,912
1020: 305,553,618,467,1178
1021: 576,786,977,1295,887,727
1022: 188,935,947,412,477,1617
1023: 1166,1476,863,527,1534
1024: 687,1225,1468,1030,583,1449
1025: 699,1477,135,963,731,606
1026: 1250,1593
1027: 821,447,65,302,1060,704
1028: 361,558,581,386,874,727
1029: 1271,585,1137,1385,778
1030: 504,943,691,583,1225,1024
1031: 643,1358,734,647,1280,946
1032: 289,173,995,1140,1463,984
1033: 1018,1279,1238,1415,663,1501
1034: 1017,1410,1386,1559,894,1237
1035: 440,1175,633,1418,334,1496
1036: 1081,1132,1050,483,732,228
1037: 1324,1525,924,1213
1038: 1222,893,723,1613,991,1074
1039: 1378,598,815,1654,1213,1525
1040: 976,418,634,420,1087,922
1041: 1001,1136,1483,1138,1440,989
1042: 1006,1102,1636
1043: 141,268,256,505,58,1394
1044: 1317,1484,1262,548,415
1045: 1212,295,979,609,262
1046: 949,997,1548,1260
1047: 973,582,1240,572,1331,1173
1048: 800,895,1412,1619
1049: 1210,910,870,738,587,700
1050: 1081,631,1132,1036,1258,597
1051: 1371,860,661,538,1605
1052: 1505,972,1348,360,391,1248
1053: 773,584,1379,1446,862
1054: 730,993,1232,1059,1239,863
1055: 288,307,109,1000,204
1056: 140,400,980,606,355,351
1057: 1207,1481,986,806,1499
1058: 936,654,380,52,304,114
1059: 1338,1239,1341,296,730,1054
1060: 1187,704,1027,821,1078,101
1061: 1397,1263,1185,1433,502
1062: 711,1234,895,776,915
1063: 265,571,107,833,477,106
1064: 5,422,1019,404,338,912
1065: 133,116,68,58,570,1394
1066: 722,1192,1581,1200,1197
1067: 1290,1575,987
1068: 1337,1571,343,941,1172,645
1069: 1100,670,1535,1110,1567
1070: 1331,1173,373,636,901,1586
1071: 1553,1162,907,619,542,480
1072: 1093,441,1515,103,1119,797
1073: 297,47,256,146,505
1074: 1546,991,1390,893,1038,1607
1075: 1458,524,920,907,888,480
1076: 776,879,1441,915,1631
1077: 333,1346,304,767,87,491
1078: 516,254,821,1060,101,830
1079: 1446,862,1479,1321
1080: 425,519,651,235,85,642
1081: 1036,1050,689,1258,1304,483
1082: 1600,391,1298,1248,1459,1411
1083: 1122,1169,1180,1447,1507
1084: 1599,1291,1017,1386,999
1085: 927,1466,1559
1086: 1474,1176,1494,1442,864
1087: 420,1144,393,591,1040,976
1088: 616,569,763,875,271,626
1089: 560,1375,823,464,1310,475
1090: 975,1590,1309,370
1091: 960,1553,1247,907,1429,920
1092: 654,311,478,708,640,486
1093: 1072,866,441,740,967,1515
1094: 377,563,328,903,839,215
1095: 843,781,203,417,677,439
1096: 1318,1002,1578,1159,1461
1097: 496,230,373,636,507,523
1098: 1001,706,1283,989,666,1261
1099: 870,738,647,1375,464,1587
1100: 1069,778,1360,670,1535,1216
1101: 1365,1444,1193,1528,728,1296
1102: 1042,1006,900,1220,771,777
1103: 1206,188,947,178,401,147
1104: 646,1332,953,828,1143,749
1105: 1116,909,1106,1520,673
1106: 1105,1233,1539,795,673
1107: 1334,1220,1625,968,848
1108: 1529,1347,1399,906,1487,1156
1109: 1285,1490,684,950,1328,1229
1110: 1567,1117,1069,670,1259,968
1111: 1187,239,741,101,902,513
1112: 853,837,790,1367,1453,1401
1113: 755,392,1302,1199,824,802
1114: 1457,966,1336,1176
1115: 1343,1357,1550,1545,1361
1116: 1105,909,673,1320,1157,882
1117: 1110,1567,1334,968
1118: 1301,1445,1558,1223,1421,918
1119: 494,414,784,797,1072
1120: 750,550,529,684,678,761
1121: 653,1287,948,1470,1521
1122: 1083,1169,1355,1628,367,1447,1435
1123: 364,1168,1182,796,970,881
1124: 757,796,660,1141,1168,587
1125: 455,307,1530,897,1585
1126: 1557,1428,1549
1127: 1475,531,1471,1536,803,1264
1128: 1620,831,970,881,1442
1129: 244,16,1205,1013,164,1420
1130: 1462,347,150,676,917,294
1131: 327,1278,1566,1641
1132: 1036,1050,597,417,228,439
1133: 944,840,1142,590,879,1486,1655
1134: 1497,1219,894,782
1135: 575,1551,1426,645,1149,811
1136: 680,1041,1001,1222,1138,723
1137: 928,779,778,1216,1029
1138: 1015,1222,1151,1483,1041,1136
1139: 653,644,1287,1542,1352,1277
1140: 883,1540,1463,1032
1141: 1375,1310,1124,660,738,587
1142: 840,855,1133,590,1368
1143: 1236,851,749,1601,828,1104
1144: 393,1087,591,1585
1145: 1318,1508,1002,1469,944,1575,1294
1146: 586,969,1348,1350,748,1359
1147: 1314,1480,299,1214
1148: 1241,1265,1303,1347,1454,1413
1149: 645,1458,524,1597,1135
1150: 1606,930,1635,1440,1466,927
1151: 1563,1483,1015,1138
1152: 571,107,861,98,1456,1254
1153: 1505,972,1198,1398,1527,1281
1154: 898,664,1610,760,1269,376
1155: 1556,1590,1569,800
1156: 1632,1487,1108,1347
1157: 1528,934,1320,1116,315,882
1158: 906,1374,845,1227,1323,1529
1159: 840,855,899,1417,1578,1318,1096
1160: 1261,1634,1464,305,978
1161: 1253,1003,817,864,1474
1162: 1553,1247,1071,1550,619,1387
1163: 1551,419,923,713,270,142
1164: 800,1569
1165: 413,1509,580,1217,1380,1519
1166: 1476,1315,1023,1455,1230
1167: 860,831,945,764,1190,1576
1168: 364,700,1123,796,1124,587
1169: 1122,1083,1355,1354,1196
1170: 347,185,219,758,227,676
1171: 1273,1633,1638,786,887
1172: 645,1458,920,1337,1068
1173: 1331,1070,901,905,973,1047
1174: 1393,1467,1533,890
1175: 709,1035,633,281,916,1496
1176: 1336,1474,1086,1494,1457,1114
1177: 1447,1633,576,786,1427,367
1178: 1005,467,618,1020,1402,1364
1179: 1335,1433,1263,745,1340
1180: 476,1376,1447,1083,1507
1181: 803,755,1010,1264,1306,392
1182: 364,1123,1489,1336,881,1494
1183: 898,664,1562,1512,529,678
1184: 695,487,578,686,1004,159
1185: 1511,1433,502,1061
1186: 579,704,110,447,73,820
1187: 1060,239,579,704,1111,101
1188: 1249,1439,1319,1280,910,734
1189: 1260,883,1463,1543,1548
1190: 245,1244,1576,772,945,1167
1191: 1602,988,463,1356,1270
1192: 1574,722,1066,659,1255,1200
1193: 1284,1101,1365,1528,934,551
1194: 1512,1285,1490,1344,1552,1407
1195: 351,462,1488,135,248,731
1196: 1333,1513,1169,1354
1197: 1200,596,928,779,1066
1198: 972,1153,1350,1281,866,967
1199: 1302,522,824,682,163,1113
1200: 1197,596,659,1192,1066,1226
1201: 1011,1430,1509,685,1519
1202: 327,1354,1333,1641,1514
1203: 1612,1217,1450,1380,1423,822
1204: 1377,1308,1453,853,964,1211
1205: 904,72,244,264,16,1129
1206: 250,1103,947,425,235,401
1207: 1057,1481,835
1208: 245,744,1576,637,817,864
1209: 671,630,656,856,603
1210: 910,1049,1293,700,747,1439
1211: 857,964,1204,853,546,1349
1212: 843,1045,1526,652,295
1213: 924,1637,1654,1039,1037,1525
1214: 1425,1147,299,644
1215: 155,1643,1531,1582,716
1216: 1100,778,1360,1339,779,1137
1217: 1203,952,1450,1380,1519,1165
1218: 564,574,951,1012,743,759
1219: 894,1237,1134,1367,1262
1220: 1334,900,1107,848,771,1102
1221: 270,621,939,419,515,205
1222: 1015,893,1038,1138,723,1136
1223: 1445,1118,1472,756,1308,1421
1224: 270,13,621,142,249,789
1225: 687,1024,829,1030,691,783
1226: 1645,1246,659,1200,596
1227: 698,313,1252,1323,1158,1374
1228: 534,1267,911,962,1384,933
1229: 750,695,1328,827,1109,684
1230: 1166,1534,1506
1231: 552,745,470,1340,1521
1232: 1448,730,993,1054,663,1478
1233: 1276,877,1539,1628,795,1106
1234: 905,1062,711,973,1486,915
1235: 879,1441,1655,1290,1294
1236: 1143,851,808,470,1601,525
1237: 1219,894,1386,1034,1401,1367
1238: 1279,1033,919,1501,886,958
1239: 1329,1059,1341,1054,1476,863
1240: 829,696,572,707,1331,1047
1241: 1265,512,1148,1654,1413,1637
1242: 158,1243,513,682,610,194
1243: 824,1242,682,610,1018,1415
1244: 961,245,1190,1589,772,534
1245: 1282,858,1537,555,785,1313
1246: 1381,1645,1522,1226,659,932,1467
1247: 960,1286,1553,1162,1091,1545
1248: 1082,391,1411,1014,1052,360
1249: 1604,834,1188,1439,1319,1591
1250: 971,1026,1251,1298,1382
1251: 896,1554,971,1250,320,1382
1252: 698,1227,1557,1323
1253: 777,1573,1161,817,1006
1254: 298,292,1152,96,98,1456
1255: 659,932,1321,1574,1192
1256: 205,330,111,378,309,199
1257: 1451,1629,1642,1315,1455
1258: 1081,631,1050,689,545,1325
1259: 813,1271,670,1110,968
1260: 883,1189,1046,1548
1261: 1160,666,1634,1098,706,1464
1262: 790,1367,548,1219,1044
1263: 1061,1495,1433,1179,745
1264: 803,1010,1181,1127,1471,717
1265: 809,1632,1241,512,1148,1347
1266: 49,794,105,725,1312,280
1267: 772,534,1493,1228,911,469
1268: 119,544,1424,504,583,746
1269: 1510,1389,1479,1154,1610,376
1270: 1356,598,1345,1602,1191,386,1295
1271: 813,1259,1029,1384,585
1272: 646,1332,438,984,974,289
1273: 476,1376,1633,1171,787
1274: 1543,997,1548,1390,1639,1546
1275: 619,1387,1008,1352,1480,299
1276: 1233,1396,877,701,795,880
1277: 743,1008,1352,1139,1542,951
1278: 1131,1566,1618,1524
1279: 1018,802,1033,919,1238,210
1280: 1188,1319,734,1031,1404,946
1281: 967,1198,1153,1398,856,603
1282: 612,858,1245,732,228,555
1283: 930,989,1098,1497,782,666
1284: 1365,1193,551,943,691,592
1285: 1194,1512,1109,529,1490,684
1286: 960,1247,1357,1545,284
1287: 653,1121,1139,948,681,1542
1288: 1473,595,1612,1450
1289: 1400,1454,1303,1549
1290: 1067,1294,1441,1235
1291: 1599,1377,1453,1401,1084,1386
1292: 806,1016,1499,1562,1577,1407
1293: 364,700,1489,1210,747,1560
1294: 1290,1575,944,1235,1655,1145
1295: 1021,887,727,386,1345,1270
1296: 655,728,1414,1101,1444
1297: 671,656,988,463,719
1298: 1600,1082,1411,1382,1593,1250
1299: 1472,1445
1300: 206,589,488,1409,57,472
1301: 1445,1118,1558,1500,1616
1302: 328,335,522,1199,755,1113
1303: 1347,1399,1549,1454,1289,1148
1304: 646,953,438,483,1081,689
1305: 957,844,1320,1482,934,551
1306: 1010,392,1181,210,1366,369
1307: 996,394,1373,799,926,842
1308: 756,1204,1377,1223,1421,964
1309: 370,1504,1491,1090
1310: 1141,560,1375,484,1089,660
1311: 510,949,997,1639
1312: 725,105,1266,498,482
1313: 155,1643,892,1537,858,1245
1314: 1147,1361,1480
1315: 1166,1476,1455,1431,1329,1257
1316: 1395,462,1624,199,355,378
1317: 618,395,1044,1634,1484,415,1364
1318: 1145,1002,1096,1159,944,840
1319: 834,1188,1249,1280,1434,1404
1320: 957,673,1305,1116,1157,934
1321: 1255,1485,1079,862,1574
1322: 132,156,600,151,544,746
1323: 1557,1252,1227,1158,1529,1428
1324: 787,1037,1525,1378,1638
1325: 1370,545,693,959,689,1258
1326: 516,318,298,398,752,254
1327: 564,492,1012,1644,1503,332
1328: 857,950,604,827,1109,1229
1329: 379,1239,1341,1476,1315,1431
1330: 1406,1465,1564,832
1331: 1070,1173,1586,1240,696,1047
1332: 646,1272,1104,974,1495,828
1333: 1196,1354,327,1202
1334: 900,1220,1107,968,1117
1335: 1511,1433,878,1179,1652
1336: 1176,1494,1182,1489,1114,966
1337: 1571,1068,1429,368,1172
1338: 1059,1341,1461,296,489,1578
1339: 596,779,1460,871,1360,1216
1340: 1231,745,1179,1584
1341: 379,1338,1329,1059,1239,1461
1342: 657,456,310,628,1516,1385
1343: 1568,1115
1344: 1592,1555,1552,1194,1490,1351
1345: 1378,1638,598,1270,1295,887
1346: 333,1077,255,491,801,39
1347: 1303,1108,1399,1632,1265,1148,1156
1348: 972,1052,1350,360,1146,969
1349: 546,942,816,853,837,1211
1350: 972,1198,1348,1146,1359,866
1351: 1490,1558,950,918,1344,1555
1352: 1008,1275,1277,299,1139,644
1353: 1537,991,751,1388,892,841
1354: 1169,1355,1333,1196,1514,1202
1355: 1539,1122,1169,1354,1628,1514
1356: 598,1270,1598,815,1191,463
1357: 1568,1115,1545,1498,1286
1358: 567,1031,697,946,822
1359: 218,748,1146,1350,866,740
1360: 1100,1535,1216,1339,871
1361: 1314,1480,1550,1115,1387
1362: 1563,1647,1416,1606,1635
1363: 1647
1364: 415,599,1402,618,1317,1178
1365: 1284,1101,1193,691,728,783
1366: 872,1588,413,1010,1306,369
1367: 1112,790,1262,1219,1237,1401
1368: 1142,855,590,523,373,901
1369: 506,789,445,249,690,615
1370: 693,248,1325,1502,479,959
1371: 1620,860,831,1051,1605
1372: 497,626,507,230,267
1373: 996,443,1307,1396,701,842
1374: 1527,1158,845,705,313,1227
1375: 1141,464,1089,1310,738,1099
1376: 476,1273,1180,1447,1633
1377: 1599,756,1204,1291,1308,1453
1378: 1638,1039,598,1345,1324,1525
1379: 773,584,1053,420,393,272
1380: 1203,1217,697,1165,580,822
1381: 1645,1522,1246
1382: 1298,1411,1251,1250,320,825
1383: 1391,1653,1535
1384: 813,962,1271,585,933,1228
1385: 657,1342,1516,1029,585
1386: 1017,1034,1237,1291,1401,1084
1387: 619,1275,1361,1480,1550,1162
1388: 1546,982,991,751,1353
1389: 1510,929,1269,1479,1481,835
1390: 1274,1639,510,1607,1546,1074
1391: 1383,1594,871
1392: 818,1554,1640
1393: 1174,1485,1533,929
1394: 133,58,1065,505,1043
1395: 429,1316,462,1624,739
1396: 1276,701,443,1373,1437,880
1397: 1061,974,502,1540,984
1398: 1527,845,1153,1281,856
1399: 1303,1529,1108,1347,1428,1549
1400: 1572,1595,1454,1289
1401: 1291,1453,1386,1237,1112,1367
1402: 599,185,1364,1005,219,1178
1403: 426,535,805,792,433,628
1404: 1434,925,946,1319,1280
1405: 830,466,172,398,254,679
1406: 958,1330,527,1448,993,832
1407: 1562,1552,1194,1512,1016,1292
1408: 49,794,876,81,264,34
1409: 206,589,956,164,1300,89
1410: 1017,1034,1559
1411: 1082,1298,1248,1382,1014,825
1412: 1048,662,1556,1619
1413: 1637,1572,1454,1241,1148
1414: 655,662,1296,1556,1590
1415: 1018,1033,1243,610,69
1416: 1362,1635
1417: 497,489,899,1578,1159
1418: 440,1035,334,125,206,956
1419: 190,814,71,56,501
1420: 7,349,1000,244,1129,1013
1421: 918,964,604,1308,1118,1223
1422: 1630,834,1434,658
1423: 925,1523,1203,1612,1579
1424: 119,1268,674,583,359,1449
1425: 1214,1470,653,644
1426: 575,1551,939,419,1135
1427: 625,1435,576,724,1177,367
1428: 1529,1399,1549,1557,1126,1323
1429: 960,1091,873,368,920,1337
1430: 1011,1518,588,1201,685,849
1431: 1315,379,1329,1642
1432: 1475,475,1471,464,177,1587
1433: 1335,1511,1185,1179,1061,1263
1434: 1404,834,1319,1422,658
1435: 877,625,1427,1122,1628,367
1436: 846,904,72,82,280
1437: 869,672,443,1396,844,880
1438: 1544,747,1560,1570
1439: 1188,1249,1591,1210,910,747
1440: 1606,1150,930,989,1483,1041
1441: 1076,879,1235,1290
1442: 1086,881,637,1128,864
1443: 7,137,931,349,122,325
1444: 1101,1528,315,1296,975
1445: 1301,1118,1223,1299,1472
1446: 773,376,1053,1079,549
1447: 1376,1180,1177,1633,1122,1083,367
1448: 993,1232,663,1501,1406,958
1449: 359,865,1424,583,1468,1024
1450: 595,1203,1612,1217,952,1288
1451: 1629,1257,1455
1452: 490,726,945,764,396,1493
1453: 1204,1291,1377,1401,853,1112
1454: 1400,1572,1289,1303,1148,1413
1455: 1166,1315,1451,1257
1456: 302,861,1152,292,1254
1457: 1114,1474,1176,1547
1458: 1172,524,1075,920,1149
1459: 1600,1082,391,313,937,705
1460: 1645,1339,596,871
1461: 379,1338,1341,1578,1002,1096
1462: 1130,334,347,1496,150,357
1463: 1140,1189,1543,982,995,1032
1464: 742,706,1531,1160,1261,978
1465: 1330,527,1534,992
1466: 1150,930,1085,927,782
1467: 1174,932,1533,890,1522,1246
1468: 687,1024,453,865,1449
1469: 1508,1145,1623,1575,987,729
1470: 1425,653,1121
1471: 1127,1475,1432,1264,177,717
1472: 1299,1626,756,1445,1223
1473: 1288,1612,1579
1474: 1176,1086,1161,1003,1457
1476: 1166,1315,1023,863,1329,1239
1477: 699,605,1025,130,80,606
1478: 730,1232,663,69,763,875
1479: 1389,929,1269,1079,1485
1480: 1314,1147,1361,299,1387,1275
1481: 1207,1057,835,806,1510,1389
1482: 869,1517,1305,844,592,551
1483: 1151,1563,1138,1606,1440,1041
1484: 1497,395,1317,1044,666
1485: 1393,1321,1533,929,1479
1486: 879,915,905,1234,1133,590
1487: 906,1108,630,856,1156
1488: 1195,429,462,611,248
1489: 364,1293,1182,1336,966,1560
1490: 1194,1109,1285,1351,950,1344
1491: 1614,1309,1504
1492: 784,797,428,601,719,1532
1493: 772,1267,469,1452,945,396
1494: 1336,1176,1086,881,1182
1495: 974,1263,552,828,1332
1496: 1462,334,357,281,1175,1035
1497: 782,1134,1484,1283,666
1498: 284,1357,1648
1499: 986,806,1016,1292,1057
1500: 1301,1558,1616,1555
1501: 1448,663,1033,1238,958
1502: 1370,248,479,459,611
1503: 332,990,492,1327,1597,575
1504: 1309,602,370,1524,1491
1505: 972,1052,1153,391,1527,705
1506: 1534,1230
1507: 1513,1180,1083
1508: 1145,1623,1002,1469,379
1509: 872,413,1165,685,1519,1201
1510: 1389,1269,806,1610,1577,1481
1511: 1335,1185,1433
1512: 1194,1285,529,1183,1562,1407
1513: 1196,1507
1514: 1641,1520,1539,1355,1354,1202
1515: 1072,1093,740,568
1516: 456,1342,1385,938,928
1517: 869,517,600,1482,592
1518: 1011,588,1621,1430
1519: 1217,952,1165,1509,1201
1520: 1566,1105,1641,1514
1521: 1231,470,1121,948
1522: 1381,1246,890,1467
1523: 1423,925,1579,658
1524: 1614,1278,1504,1618
1525: 1324,1037,1213,1378,1039
1526: 843,1212,781,1582,652
1527: 1398,1374,845,705,1505,1153
1528: 1101,1444,1193,1157,934,315
1529: 1108,1399,1428,1323,906,1158
1530: 307,1125,187,109,931,897
1531: 921,1215,742,1464,978,716
1532: 601,874,1492,428,478,581
1533: 1174,932,1393,1467,1485
1534: 1465,1023,1230,1506
1535: 1069,1100,1360,1383
1536: 1127,531,521,335,803
1537: 751,1353,785,1313,892,1245
1538: 671,630,809,1632,1598
1539: 1355,1628,1233,1106,1514
1540: 502,985,1140,883,1397
1541: 139,474,122,152,1603
1542: 1139,1287,681,1277,541,951
1543: 1548,1274,1189,1463,982
1544: 1438,966
1545: 1357,1550,1115,1286,1247
1546: 991,1388,1074,1390,1274
1547: 1457
1548: 1543,1046,997,1274,1260,1189
1549: 1303,1399,1428,1126,1289
1550: 1115,1545,1361,1387,1162
1551: 1163,419,1426,1135,811,713
1552: 1592,1344,665,1194,1016,1407
1553: 1247,1162,907,1091,1071
1554: 818,1251,1392,896,971
1555: 1592,1344,1558,1500,1351
1556: 1155,1590,1414,662,800,1412
1557: 1126,1323,1252,1428
1558: 1301,1118,1500,918,1555,1351
1559: 1410,1034,1085,894
1560: 747,1438,1293,1489,966
1561: 1011,1596,1621,595,952
1562: 898,1183,1577,1407,1512,1292
1563: 1151,1362,1483,1647,1606
1564: 1330,849,588,992
1565: 528,436,198,801,1608,144
1566: 909,1641,1520,1131,1278,1618
1567: 1110,1117,1069
1568: 1343,1357,1648
1569: 1155,1164
1570: 747,1438,807,1591
1571: 1337,1068,320,825,343,368
1572: 1400,1595,1454,1413
1573: 1253,1003,838
1574: 1609,722,1192,862,1255,1321
1575: 1067,987,1294,1145,1469
1576: 245,1190,1208,637,1167,831
1577: 898,1610,1562,806,1292,1510
1578: 489,1417,1159,1338,1461,1096
1579: 1423,1523,1473
1580: 651,235,144,1608,250,26
1581: 722,1066,791,634,938
1582: 155,1215,652,716,1526
1583: 201,181,99,452,436
1584: 1627,1340
1585: 897,197,1144,1125
1586: 1331,1070,636,405,696
1587: 643,177,464,1432,647,1099
1588: 413,1646,580,1366,1010,753
1589: 961,1244,962,534,1625,848
1590: 1155,1090,1556,975,1414
1591: 1604,1249,1439,747,1570
1592: 1344,665,1555,1552
1593: 1600,1298,1026,937
1594: 1391
1595: 1400,1572
1596: 1561,1621,595
1597: 524,1149,492,1503,575
1598: 809,815,671,1538,463,1356
1599: 756,1291,1377,1084,999
1600: 1082,1298,1459,1593,937
1601: 552,470,828,1236,1143
1602: 988,1191,601,386,874,1270
1603: 294,474,1541,150,468
1604: 834,1249,1591,807
1605: 669,891,1620,1371,1051
1606: 1150,1635,1440,1362,1563,1483
1607: 893,510,1390,1074
1608: 1565,198,1580,144,26
1609: 1574,722,922,584,862
1610: 1154,898,1577,1510,1269
1611: 685,849,832,886,540
1612: 1203,1450,1423,1473,1288
1613: 991,1038,723,383,841
1614: 1524,1491
1615: 381,624,76,446,20
1616: 1301,1500
1617: 247,188,1022,477
1618: 602,1566,909,1278,1524
1619: 711,582,1048,895,1412
1620: 1371,1128,891,970,1605
1621: 1011,1518,1561,1596
1622: 741,466,902,810,616
1623: 1508,1469,729,1642,1649
1624: 739,199,332,1395,1316
1625: 1107,848,813,962,1589
1626: 1472,999,756
1627: 1650,1584
1628: 1539,1122,1355,1233,1435
1629: 1451,1656,1257
1630: 1422,1651
1631: 776,1076
1632: 809,1265,1156,1347,1538
1633: 1273,1376,1177,1447,1171,786
1634: 618,1160,395,1317,1261
1635: 1606,1150,1362,927,1416
1636: 1042,900
1637: 924,1413,1213,1241
1638: 1378,1345,1324,887,1171
1639: 997,1390,1274,510,1311
1640: 1392
1641: 1566,1514,1520,327,1131,1202
1642: 1257,1649,1623,1431
1643: 155,1313,921,892,1215
1644: 1012,1327,416,739
1645: 1381,1460,1226,1246,596
1646: 1588,1010,753,717
1647: 1362,1363,1563
1648: 1568,1498
1649: 729,1642,1656,1623
1650: 1627,1652
1651: 1630
1652: 1650,1335,878
1653: 1383
1654: 1241,512,815,1213,1039
1655: 879,1235,944,1133,1294
1656: 1629,1649