0: 6,192,145,167,185,179
99: 44,188
2: 164,78,181,73,4
3: 107,185,156,179,95,183
4: 55,204,37,2,181
199: 191,16,70,26,109
6: 14,47,125,0,192,145
7: 57,16,176,120,78
8: 76,23,21,37,202,181
191: 53,16,86,199,109
10: 43,132,141,109
11: 89,60,117,39,18
12: 92,111,153
13: 63,119,110,88
14: 6,125
15: 186,128,68,94,39
16: 7,191,199,26
17: 66,185,156,41,192,173
18: 39,176,189,11,89,120
19: 38,94,104,150,61
20: 
21: 119,8,58,202,82,193
22: 152,144,184
23: 8,54,110,69
24: 80,147
25: 
26: 38,176,61,70,16,199
27: 
28: 
29: 43,197,45
30: 186,97,154,137
31: 103
32: 
33: 58,67
34: 
35: 143,158,182,170,196
36: 121,69,40,106,88
37: 202,142,4,204,181,8
38: 26,19,176,189,61
39: 18,189,15,68,11
40: 36,121,69,54,107
41: 75,192,17,138,112,173
42: 188
43: 29,10,132,139,45
44: 79,99,188,143
45: 43,29,197
46: 81
47: 6,125,145,86,85
48: 108,151
49: 75,192
52: 
53: 191,57,86,167,145
54: 23,183,107,69,40
55: 89,60,4,204,122
56: 131
57: 53,7,167,164,78
58: 33,67,82,142,195,21
197: 29,109,86,45
60: 11,89,118,55,117
61: 150,70,38,26,19
62: 91,160
63: 203,13
64: 80,195,153
65: 158
66: 17,156,144
67: 33,58,142,122,103
68: 117,158,182,15,39
69: 36,40,23,54,110,88
70: 61,26,199
201: 163,104,131
72: 153
73: 2,95,181,183
74: 194,87,125
75: 87,49,125,41,138
76: 8
77: 156
78: 164,2,120,7,57
79: 92,44
80: 24,64,147,195,153
81: 46,106,88
82: 58,195,21,193
83: 171,175
179: 3,185,167,164,95,0
85: 47
86: 53,191,197,47,145
87: 75,125,74,130,129
88: 81,110,13,36,69
89: 11,60,120,55,18
203: 63,171
91: 62
92: 12,79
93: 131
94: 19,189,15,104,128
95: 164,183,73,3,179
96: 
97: 30,100,154,196,182
98: 155,196
100: 186,97
101: 187,123,169
102: 180
103: 31,148,118,67
104: 128,201,94,19
198: 165,161,132
106: 81,187,123,36
107: 3,156,183,54,40
108: 48,151,144,184,149
109: 10,197,191,199
110: 119,23,13,69,88
111: 12
112: 138,157,41,151,173
113: 124,169,121,152,123
204: 55,4,37,142,122
115: 
116: 
117: 68,158,11,118,60
118: 60,117,134,103,122
119: 21,110,193,13
120: 89,18,176,7,78
121: 36,40,152,113
122: 67,142,118,55,204
123: 187,106,113,101
124: 113,149,174,152,184
125: 87,14,6,75,47,74
126: 
127: 
128: 186,15,104,94
129: 87
130: 87
131: 93,150,201,56,180
132: 161,43,10,139,198
133: 
134: 118
135: 
136: 162,157,178
137: 30
138: 162,112,157,75,41
139: 43,132
140: 
141: 10
142: 37,58,202,67,122,204
143: 35,177,158,170,188,44
144: 108,151,173,184,22,66
145: 6,47,0,53,86,167
146: 
147: 80,24
148: 103
149: 124,108,184
150: 131,61,19
151: 48,108,144,173,112
152: 121,22,113,124
153: 72,12,80,64
154: 30,97
155: 98,170
156: 17,77,3,66,107,185
157: 162,136,138,112
158: 68,35,117,65,143,182
202: 37,142,8,21
160: 200,62,166
161: 132,190,198
162: 136,138,157
163: 201
164: 2,95,78,57,167,179
165: 198
166: 160
167: 53,57,164,0,145,179
200: 160
169: 113,101
170: 155,188,35,143
171: 203,83,175
172: 
173: 151,144,41,17,112
174: 124
175: 171,83
176: 38,26,18,189,120,7
177: 143
178: 136
180: 102,131
181: 2,73,4,37,8
182: 68,35,158,97
183: 95,73,54,3,107
184: 108,144,22,124,149
185: 17,3,156,179,0,192
186: 30,100,15,128
187: 106,123,101
188: 170,42,143,99,44
189: 38,94,39,18,176
190: 161
192: 49,6,41,0,17,185
193: 82,119,21
194: 74
195: 80,64,58,82
196: 98,97,35