447: 704,1186,1027,1704,302,110
1: 118,6,78,261,186,337
90: 83,19,211,372,224,283
313: 698,1459,1227,937,705,1374
241: 712,217,557,124,641,702
5: 1064,94,422,371,55,338
6: 1,78,100,261,66,329
7: 1443,349,1420,1013,122,152
8: 482,381,912,624,1019,498
9: 24,404,84,338,287,23
10: 337,160,410,113,171,118
64: 42,317,340,402,246,259
12: 160,113,53,566,190,793
13: 363,621,249,1224,93,303
14: 258,165,153,77,233,61
15: 288,455,406,688,703,668
16: 264,34,1129,1205,589,164
17: 276,44,32,63,157,226
18: 229,414,617,774,114,380
19: 83,623,356,90,283,149
20: 812,297,442,1615,446
21: 257,530,389,358,41,423
22: 276,32,319,232,532,94
23: 33,913,981,9,404,287
24: 854,55,388,9,84,338
25: 227,940,676,448,955,917
26: 250,935,1580,1608,675
27: 278,283,192,149,780,112
28: 384,225,434,354,38,259
29: 220,33,287,86,46,768
30: 620,692,642,242,277,520
31: 176,721,263,182,237,345
32: 17,276,22,371,63,94
33: 23,220,212,913,29,287
34: 264,16,589,472,81,1408
35: 557,124,608,216,258,77
36: 622,530,389,421,650,324
37: 255,207,201,648,491,766
38: 409,246,638,259,28,225
39: 144,651,85,801,333,1346
40: 323,326,458,346,167,260
41: 358,45,389,21,410,547
42: 885,340,64,485,402,266
43: 207,766,308,286,166,836
44: 17,276,143,108,226,300
45: 358,41,108,226,410,171
46: 735,317,768,340,220,29
47: 812,573,95,297,256,1073
48: 344,121,91,457,435,221
49: 794,138,1408,105,876,1266
52: 333,304,936,1058,85,519
53: 104,324,566,12,547,113
54: 102,240,79,319,450,143
55: 24,388,338,371,88,5
56: 1419,71,501,78,66,649
57: 102,79,120,1300,488,472
58: 570,1065,1394,346,141,1043
59: 804,683,162,195,196,145
60: 278,149,356,735,768
61: 77,233,14,70,179,293
99: 649,290,71,181,1583,452
63: 17,371,32,157,186,88
65: 266,1704,302,184,402
66: 154,329,649,56,6,78
67: 312,608,733,561,557,702
68: 116,570,1065,903,200,215
69: 663,1478,610,875,1415
70: 765,183,216,179,77,61
71: 1419,56,181,649,99
72: 904,244,1205,204,846,1436
73: 639,493,126,820,110,1186
74: 559,536,503,819,565,127
203: 843,1095,847,473,677
76: 1615,381,446,274,913,981
77: 258,14,61,216,70,35
78: 1,6,337,501,56,66
79: 54,102,240,57,331,120
80: 605,130,1477,411,622,421
81: 102,450,472,34,1408,876
82: 725,195,280,136,1436
83: 623,19,90,675,998,224
84: 854,24,9,287,86,780
85: 39,1080,651,52,333,519
86: 278,780,84,287,29,768
87: 1077,767,282,275,648,491
88: 261,186,371,63,55,388
89: 956,164,1409,139,152,1013
91: 344,308,121,407,48,362
92: 539,359,390,674,318,752
93: 253,303,362,363,13,344
94: 532,5,422,22,371,32
95: 812,573,47,765,179,115
96: 554,390,98,247,1661
97: 176,263,473,536,503,238
98: 96,247,571,1152,1254,1661
100: 6,261,329,854,388,192
101: 741,830,1078,1187,1060,1111
102: 54,79,57,450,81,472
103: 656,1072,441,797,1297,719
104: 650,53,850,324,566
105: 49,138,1266,236,498,1312
106: 623,998,412,1063,833,477
107: 265,571,485,861,1063,1152
108: 358,365,45,226,300,44
109: 931,349,1000,307,1055,1530
110: 126,73,1747,1704,1186,447
111: 205,435,330,221,1256,515
112: 211,154,329,283,192,27
113: 10,12,160,410,547,53
114: 304,767,774,18,1058,380
115: 765,145,162,812,95,442
116: 133,465,68,1065,903,180
204: 846,1000,72,244,1055
118: 1,186,10,337,171,157
119: 234,754,544,1268,674,1424,1771
120: 627,331,269,488,79,57
121: 1009,407,91,48,457,762
122: 474,152,1541,7,137,1443
123: 146,1770,446,274,297
124: 241,557,641,449,35,258
125: 150,139,334,1690,1418,956
126: 639,73,180,110,1747,409,638
127: 605,565,74,503,175,411
128: 366,148,846,288,688
129: 166,253,161,282,207,648
130: 80,1477,223,980,606,622
131: 661,726,471,538,514,1736
132: 430,178,397,156,1322,151
133: 465,116,1065,1394,543
134: 1475,475,531,437,382,823
135: 963,693,248,1195,1025,731
136: 350,148,804,195,82
137: 1443,408,474,122,325,353
138: 49,105,876,232,236,532
139: 125,150,152,1541,956,89
140: 400,1708,355,378,285,330
141: 346,1043,316,167,268,58
142: 270,1224,1163,923,789,322
143: 276,44,300,54,240,319
144: 39,651,1580,1608,801,1565
145: 196,765,183,115,59,162
146: 543,123,434,505,1770,1073
147: 178,156,188,1103,314,234
148: 350,136,366,128,846
149: 278,283,27,60,356,19
150: 125,139,1541,1603,1690
151: 517,710,600,430,132,1322
152: 139,122,1541,89,7,1013
153: 258,165,14,449,514,518
154: 211,112,66,329,649,290
155: 1582,1643,1313,1215,858
156: 178,132,147,1322,234,544
157: 17,63,226,171,118,186
158: 513,1242,682,163,239,306
159: 448,955,1004,578,1184,222
160: 10,12,337,113,501,190
161: 129,253,303,282,252,615
162: 59,683,461,145,115,442
163: 158,682,1199,306,522,508
164: 589,89,1409,1013,16,1129
165: 153,233,14,867,518,170
166: 129,253,362,308,207,43
167: 346,141,316,867,40,458
168: 629,385,209,511,635,432
169: 345,594,627,331,375,427
170: 500,518,165,867,954,458
171: 10,410,45,226,157,118
172: 679,737,267,1405,466,810
173: 555,785,1665,1032,289,984
174: 323,326,736,382,560,823
175: 263,237,503,127,411,202
176: 97,31,263,182,694,238
177: 643,567,1587,717,1432,1471
178: 397,401,132,147,156,1103
179: 765,70,573,95,61,293
180: 639,126,638,465,116
181: 71,836,201,766,1583,99
182: 176,31,694,556,345,375
183: 718,196,765,145,216,70
184: 1747,409,402,246,1704,65
185: 715,599,1402,219,227,1170
186: 1,118,261,88,63,157
187: 209,511,325,931,897,1530
188: 1022,1103,947,147,314
189: 1005,889,193,758,357,281
190: 1419,793,814,12,160,501
191: 1004,942,816,537,940,955
192: 27,780,100,112,329,854
193: 889,189,348,916,262,281
194: 569,902,513,1242,610
195: 804,59,683,725,82,136
196: 718,145,183,804,59,374
197: 897,1144,393,1585,385,209,272
198: 528,1565,224,1608,675
199: 309,1624,990,332,1316,1724
200: 215,260,431,301,68,570
201: 255,37,766,1583,181
202: 411,257,530,421,175,237
205: 111,1256,309,939,1221,515
206: 956,1300,488,1409,440,1418
207: 37,648,766,43,166,129
208: 374,312,251,561,350,366
209: 385,168,511,187,897,197
210: 1279,802,919,1306,392,369
211: 154,112,290,372,283,90
212: 220,33,274,354,913,384
213: 416,541,775,759,859,607
214: 720,996,394,444,1007,620
215: 200,431,563,68,903,1094
216: 718,183,70,608,35,77
217: 712,241,702,535,562,499
218: 445,322,740,1359,748
219: 1005,758,185,1402,1170
220: 33,212,354,29,317,46
221: 457,285,435,330,111,48
222: 454,273,291,159,448,578
223: 980,130,622,650,850
224: 528,198,372,83,90,675
225: 28,543,434,38,638,465
226: 108,45,171,17,44,157
227: 940,676,25,1170,715,185
228: 417,612,1282,732,1132,1036
229: 428,414,784,18,311,380
230: 496,737,1097,267,1372,507
231: 679,496,737,352,403,424
232: 319,450,22,138,876,532
233: 165,14,61,293,316,867
234: 119,754,544,147,156,314
235: 1080,651,1580,425,1206,250
236: 532,422,1019,498,138,105
237: 31,175,721,263,257,202
238: 694,593,847,473,176,97
239: 1187,579,306,1111,158,513
240: 54,79,594,331,300,143
242: 620,692,30,708,640,720
243: 460,526,500,669,613,1698
244: 72,1129,1205,1420,1000,204
245: 961,1244,1190,1208,744,1576
246: 184,38,409,402,259,64
247: 554,96,98,1617,571
248: 135,1370,693,1502,1195,1488
249: 13,1224,789,1369,303,615
250: 1206,935,947,26,235,1580
251: 208,312,688,366,668,341
252: 275,690,983,615,161,282
253: 166,93,129,161,303,362
254: 516,398,1326,1405,830,1078
255: 201,37,491,1346,1737
256: 573,47,1073,505,1043,268
257: 202,530,21,721,237,423
258: 153,77,14,124,449,35
259: 38,246,354,317,64,28
260: 200,301,346,570,40,326
261: 1,6,100,186,88,388
262: 609,348,1045,889,979,193
263: 176,97,31,175,237,503
264: 904,16,34,1205,794,1408
265: 485,107,1063,833,885
266: 65,42,485,861,402
267: 737,230,172,810,1372
268: 141,293,1043,316,573,256
269: 440,451,633,627,120,488
270: 621,142,1221,1224,1163,419
271: 497,489,626,1088,763,296
272: 773,1379,336,385,197,393
273: 454,399,468,291,222,408
274: 212,913,76,446,123,384,1770
275: 983,252,774,282,767,87
276: 17,44,22,143,32,319
277: 642,30,520,425,397,401
278: 86,27,149,60,780,768
279: 914,976,418,481,868,533
280: 794,1266,904,1436,725,82
281: 1496,357,189,193,916,1175
282: 129,161,275,252,648,87
283: 27,149,211,112,19,90
284: 1498,1286,818,873
285: 457,330,221,140,714,400
286: 308,407,814,836,43
287: 9,84,86,23,33,29
288: 15,455,307,688,1055,128
289: 1272,438,984,173,555,632
290: 211,154,649,99,452,372
291: 273,468,222,294,448,917
292: 516,298,1254,821,1456,1739
293: 316,268,179,573,233,61
294: 468,291,917,1130,1603
295: 652,667,553,1212,1045,979
296: 1338,1059,763,489,271,730
297: 812,47,1073,20,446,123
298: 516,318,1254,1661,1326,292
299: 1147,1480,644,1713,1352,1275
300: 365,108,594,240,44,143
301: 200,260,437,431,382,326
302: 1027,1704,65,1739,447
303: 93,253,161,13,249,615
304: 52,333,1077,767,114,1058
305: 667,1020,978,618,1160
306: 239,579,820,508,158,163
307: 288,455,1125,1055,1530,109
308: 407,91,286,166,362,43
309: 990,199,1724,939,205,1256
310: 456,1342,628,914,481,805
311: 654,380,1092,229,428,478
312: 208,251,67,733,561,341
314: 554,188,147,234,754
315: 602,370,882,1444,1528,1157
316: 141,293,167,867,268,233
317: 46,340,64,220,354,259
318: 298,1661,1326,752,390,92
319: 54,450,232,276,22,143
320: 1718,368,1571,825,1382
1475: 1127,475,531,134,1432,1471
322: 789,218,445,748,923,142
323: 40,954,326,458,736,174
324: 650,53,104,36,389,547
325: 511,187,353,137,1443,931
326: 323,40,174,260,382,301
327: 1131,1202,1715,1333
328: 377,1302,335,522,1094,563
329: 154,112,66,6,100,192
330: 285,111,221,1256,378,140
331: 594,169,627,120,240,79
332: 1624,990,199,1644,1327,1503
333: 52,1077,1346,304,39,85
334: 1462,1496,1690,1035,1418,125
335: 1302,328,521,563,1536,1685
336: 773,272,549,614,635,385
337: 10,160,501,1,118,78
338: 24,55,9,404,1064,5
339: 852,341,826,733,562,433
340: 735,42,885,317,46,64
341: 339,852,668,312,251,733
342: 487,550,578,454,387,495
343: 1014,1571,1068,941,825,908
344: 91,48,435,363,93,362
345: 169,375,427,31,721,182
346: 141,167,58,570,40,260
347: 1462,357,1768,758,676,1170
348: 609,593,509,916,262,193
349: 7,109,1443,931,1420,1000
350: 136,366,148,804,374,208
351: 1195,355,462,1056,731,1708
352: 496,231,403,453,405,636
353: 629,511,325,399,408,137
354: 220,212,317,28,384,259
355: 351,1395,462,378,1316,140,1708
356: 623,19,149,60,833
357: 1462,347,1496,281,189,758
358: 41,365,423,108,45,21
359: 539,92,865,1449,674,1424
360: 969,1014,908,1248,1052,1348
361: 486,884,1028,558,581,799
362: 166,93,253,344,308,91
363: 13,621,515,435,344,93
364: 1168,700,1123,1489,1560,1293
365: 358,423,108,300,594,427
366: 350,148,128,688,208,251
367: 1122,1083,1435,1177,1447,1427
368: 1692,320,896,1429,1337,1571
369: 540,872,1306,919,210,1366
370: 315,1309,602,1444,1090,975
371: 32,63,88,5,94,55
372: 528,452,224,211,290,90
373: 1070,1586,636,1368,1097,523
374: 208,561,350,804,718,196
375: 345,169,627,556,182,451
376: 1269,1154,760,549,1446
377: 328,522,508,1094,839,493
378: 1316,1724,355,140,330,1256
379: 1329,1341,1461,1508,1002,1431
380: 654,311,1058,229,18,114
381: 76,1615,8,912,624,981
382: 437,301,326,174,823,134
383: 680,742,723,841,1613,921
384: 28,434,1770,274,212,354
385: 168,209,635,272,336,197
386: 1028,1602,874,1270,1295,727
387: 454,399,342,432,495,629
388: 854,24,55,100,261,88
389: 36,530,21,324,41,547
390: 96,1771,318,1661,92
391: 1082,1411,1703,1459,705,1505
392: 755,1706,1306,1181,802,210
393: 197,1144,1087,272,420,1379
394: 720,996,214,1307,884,799
395: 1317,1634,666,1497,1484,1044
396: 1452,490,499,712,1493,469
397: 430,178,401,132,277,520
398: 1326,254,752,424,1405,679
399: 454,273,387,408,629,353
400: 140,714,980,1708,285
401: 178,397,277,425,1206,1103
402: 184,246,42,64,266,65
403: 539,453,424,865,352,231
404: 9,338,1064,912,23,981
405: 696,453,352,1586,636
406: 15,455,591,868,703
407: 1009,308,121,91,286
408: 273,399,468,474,353,137
409: 184,38,1747,246,638,126
410: 10,547,113,171,41,45
411: 202,421,605,127,80,175
412: 935,1022,106,998,477
413: 1588,1165,1509,580,1366,872
414: 229,494,1119,784,18,617
415: 599,770,1364,1044,1317,548
416: 213,759,859,1644,1012,739
417: 612,228,1132,781,1095,439
418: 914,279,791,1040,976,634
419: 1551,939,1163,1426,270,1221
420: 1379,393,1087,922,584,1040
421: 411,36,622,202,530,80
422: 1064,236,532,5,94,1019
423: 358,365,721,257,21,427
424: 539,403,398,752,679,231
425: 642,277,1080,235,1206,401
426: 535,1403,499,792,911,469
427: 345,594,169,721,365,423
428: 229,784,1492,1532,311,478
429: 1395,462,1488,739,611,859
430: 397,132,520,444,151,710
431: 200,215,437,301,521,563
432: 635,495,577,387,629,168
433: 535,805,562,1403,339,826
434: 28,543,384,225,146,1770
435: 111,221,363,515,344,48
436: 528,452,1565,1737,1583
437: 431,382,301,521,531,134
438: 646,1304,1272,289,632,483
439: 559,677,417,1132,597,1095
440: 1035,633,269,1418,206,488
441: 1072,1093,967,656,603,103
442: 812,20,162,461,115
443: 996,1007,1396,1373,672,1437
444: 214,1007,620,520,430,710
445: 506,789,218,1369,322,740
446: 76,1615,274,297,20,123
448: 159,955,917,25,291,222
449: 124,641,258,153,471,514
450: 54,102,319,81,232,876
451: 709,633,269,556,627,375
452: 528,436,372,1583,290,99
453: 403,865,1468,405,352
454: 273,399,387,222,342,578
455: 15,288,307,406,1125
456: 1342,310,1516,938,914,791
457: 285,221,714,762,121,48
458: 323,40,954,167,867,170
459: 479,851,808,611,607,1502
460: 243,500,954,736,613,484
461: 683,162,482,624,442
462: 351,1395,1195,429,355,1488
463: 988,1297,671,1598,1356,1191
464: 1375,1089,475,1432,1099,1587
465: 133,116,543,225,638,180
466: 741,1405,830,810,1622,172
467: 1005,889,979,1178,553
468: 273,291,408,294,474,1603
469: 1493,1267,911,426,499,396
470: 1231,1521,1601,525,948,1236
471: 490,726,131,641,449,514
472: 589,1300,102,57,81,34
473: 536,677,203,847,238,97
474: 122,1541,1603,468,408,137
475: 1475,134,1432,823,464,1089
476: 1273,1376,787,1758
477: 571,1063,106,412,1617
478: 486,581,428,1532,311,1092
479: 959,851,749,459,1370,1502
480: 542,907,1071,888,574,1075
481: 914,279,533,826,310,805
482: 8,624,498,1312,461
483: 1081,1036,632,1304,438,732
484: 560,1310,460,736,660,613
485: 265,107,861,42,885,266
486: 361,884,581,478,1092,708
487: 342,750,695,550,578,1184
488: 206,1300,440,269,120,57
489: 497,1578,271,1417,1338,296
490: 1452,726,396,471,712,641
491: 255,37,648,1077,1346,87
492: 564,888,1327,1503,524,1597
493: 639,839,73,820,377,508
494: 1119,414,568,1515,617,994
495: 432,761,577,342,550,387
496: 737,230,1097,352,231,636
497: 489,1372,271,626,1417
498: 236,1019,105,1312,482,8
499: 426,535,712,217,469,396
500: 243,460,526,518,170,954
501: 337,160,1419,190,56,78
502: 1061,1433,1185,1732,1540
503: 536,74,127,97,175,263
504: 943,1030,583,746,1268
505: 543,146,256,1073,1043,1394
506: 445,568,1369,740,690,994
507: 1372,230,1097,523,899
508: 377,522,493,820,306,163
509: 694,593,348,556,916,709
510: 1390,1607,1639
511: 629,168,209,325,187,353
512: 809,1241,1265,815,1654
513: 158,1242,239,1111,902,194
514: 518,1736,449,153,131,471
515: 363,621,1221,205,435,111
516: 298,1326,254,292,821,1078
517: 869,151,672,710,600,1517
518: 526,500,514,170,1736,165,153
519: 692,642,52,936,1080,85
520: 620,30,277,444,430,397
521: 437,431,563,335,531,1536
522: 377,1302,328,508,163,1199
523: 855,899,1097,373,1368,507
524: 1458,1075,1597,1149,888,492
525: 948,681,470,1236,808,775
526: 243,500,518,1736
527: 1406,1330,1766,993,1023
528: 452,436,1565,198,372,224
529: 1285,684,1120,1183,678,1512
530: 257,36,202,389,421,21
531: 1127,1475,134,1536,437,521
532: 236,94,422,232,22,138
533: 703,852,826,279,481,868
534: 772,1267,1228,962,1244,1589
535: 426,562,1403,499,433,217
536: 559,473,677,74,503,97
537: 965,715,770,942,191,940
538: 1736,661,131,1051,1698
539: 403,359,424,92,865,752
540: 369,685,1611,886,872,919
541: 213,775,759,681,1542,951
542: 743,619,1008,480,1071,574
543: 225,434,146,505,133,465
544: 234,119,1268,156,1322,746
545: 963,693,1325,631,1258,788
546: 827,686,816,1349,857,1211
547: 410,113,389,53,324,41
548: 965,790,1262,1044,415,770
549: 773,1446,336,614,760,376
550: 1120,342,750,487,495,761
551: 1284,1193,934,1305,1482,592
552: 1231,745,828,1601,1495
553: 667,1020,295,467,979
554: 96,314,247,1617,754
555: 1687,173,1677,632,785,289
556: 694,509,182,709,451,375
557: 241,124,702,35,608,67
558: 361,1028,799,977,926,727
559: 536,677,439,74,819,597
560: 823,484,1089,1310,736,174
561: 374,208,312,608,67,718
562: 535,433,339,733,217,702
563: 215,431,521,328,335,1094
564: 888,1218,492,574,1327,1012
565: 699,605,127,788,74,819
566: 53,104,1009,12,793
567: 643,177,1358,717,697,753
568: 506,740,1515,994,494
569: 1088,616,875,902,194,1622
570: 68,58,1065,346,200,260
571: 107,1063,1152,477,98,247
572: 655,1240,662,707,1047,582
573: 95,47,256,179,293,268
574: 564,888,1218,743,542,480
575: 1426,1503,1597,990
576: 786,1021,977,724,1177,1427
577: 614,635,432,495,769,761
578: 342,487,1184,159,454,222
579: 1187,239,704,1186,306,820
580: 753,1588,413,1165,697,1380
581: 361,486,1028,478,1532,874
582: 1047,973,1619,662,572,1412
583: 504,1030,1268,1424,1449,1024
584: 1609,922,862,420,1053,1379
585: 1029,1384,1271,933,657,1385
586: 748,1146,798,923,969,713
587: 738,1049,1141,1168,1124,700
588: 1518,1430,849,1752,1776
589: 164,1300,1409,472,16,34
590: 1142,855,901,1368,1133,1699
591: 1144,1087,406,976,868
592: 943,1517,1482,1284,551
593: 609,694,509,348,238,847
594: 169,331,427,365,300,240
595: 952,1450,1561,1288,1753
596: 1671,1339,779,1460
597: 631,1132,1050,559,439,819
598: 1356,1378,1039,1345,1270,1191
599: 415,715,770,185,1402,1364
600: 151,517,1517,1322,746
601: 1602,988,719,1492,1532,874
602: 315,1309,370,882,1504,1618
603: 656,856,1728,441,967,1726
604: 857,1421,918,964,1328,950
605: 699,565,127,80,1477,411
606: 1056,980,731,1025,130,1477
607: 213,611,775,859,808,459
608: 67,561,718,216,557,35
609: 593,348,262,1045,847
610: 1243,1242,194,1415,69
611: 859,607,459,1502,429,1488
612: 417,1282,858,228,781
613: 669,757,660,243,460,484
614: 635,760,769,577,549,336
615: 690,252,249,1369,161,303
616: 1088,569,810,1622,626
617: 983,774,994,494,414,18
618: 1160,1317,1634,305,1020,1364
619: 1008,1275,542,1387,1162,1071
620: 242,30,520,720,214,444
621: 270,363,13,1221,1224,515
622: 36,421,130,80,223,650
623: 83,356,106,19,998,833
624: 482,1615,381,8,461
625: 1427,877,701,842,724,1435
626: 497,1372,271,810,1088,616
627: 169,331,375,120,451,269
628: 657,1342,310,805,1403,792
629: 168,511,353,399,387,432
630: 1209,1538,856,1487,1721,1156,1729
631: 1050,1258,597,545,819,788
632: 555,1677,438,289,732,483
633: 440,1175,709,1035,451,269
634: 791,1040,418,722,1581,922
635: 614,432,577,385,168,336
636: 1586,373,405,496,1097,352
637: 831,1128,1208,1576,1442,864
638: 38,409,225,465,126,180
639: 839,493,126,73,180
640: 936,654,1092,708,692,242
641: 712,241,124,449,490,471
642: 692,30,277,519,425,1080
643: 567,1587,177,1031,1358,647
644: 1425,1713,299,653,1139,1352
645: 1172,1149,941,1135,811
646: 1332,1304,1272,953,438,1104
647: 734,870,1099,643,1587,1031
648: 207,37,491,129,282,87
649: 154,66,290,99,71,56
650: 104,850,324,223,36,622
651: 39,144,1080,235,85,1580
652: 667,295,716,1582,1212,1526
653: 1121,1139,1287,1425,1470,644
654: 936,311,1058,380,1092,640
655: 728,662,1296,572,707,1414
656: 671,1209,856,603,103,441,1297
657: 1342,628,1385,792,585,933
658: 1662,1523,1434,1422,1684
659: 1255,932,1574,1192,1200,1226
660: 757,613,1141,484,1310,1124
661: 726,131,764,538,860,1051
662: 655,572,1556,1414,582,1412
663: 1501,1232,1478,69,1033,1415
664: 1154,898,1183,678,760,769
665: 1592,1552,1670,1016
666: 395,1634,1261,1283,1098,1497
667: 305,652,295,553,716,978
668: 703,852,341,15,688,251
669: 757,1605,891,613,1698,243
670: 1754,1100,778,1259,1714,1110
671: 656,1209,1538,1598,1297,463
672: 869,517,710,443,1007,1437
673: 957,795,1320,1116,1105,1106
674: 119,1424,1771,359,92
675: 83,998,198,224,1608,26
676: 227,917,25,1170,1130,347,1768
677: 559,473,536,439,203,1095
678: 664,1183,529,1120,769,761
679: 737,231,172,398,424,1405
680: 742,383,1001,1136,706,723
681: 525,1287,948,1542,541,775
682: 158,1243,824,1242,163,1199
683: 59,725,162,195,461
684: 1109,1285,529,1229,1120,750
685: 849,1611,540,872,1509,1201
686: 827,546,1004,816,695,1184
687: 1225,1468,1024,829,696
688: 15,288,366,128,668,251
689: 1081,1258,1304,953,959,1325
690: 983,252,994,615,506,1369
691: 943,1030,1284,1365,1225,783
692: 642,242,30,519,936,640
693: 135,963,1370,545,248,1325
694: 593,509,556,238,176,182
695: 750,487,1184,827,686,1229
696: 687,829,405,1240,1331,1586
697: 567,1358,753,580,822,1380
698: 313,1227,937,1252
699: 605,1025,565,788,1477,963
700: 364,1168,1210,1049,587,1293
701: 1396,1276,877,625,842,1373
702: 217,241,557,67,733,562
703: 852,668,533,15,406,868
704: 1187,1060,579,1186,447,1027
705: 313,1459,1374,391,1505,1761
706: 680,742,1098,1001,1464,1261
707: 655,728,1240,572,783,829
708: 1092,640,486,884,242,720
709: 1175,451,633,509,556,916
710: 151,517,672,444,1007,430
711: 905,973,1619,895,1234,1062
712: 217,241,641,499,490,396
713: 798,586,923,1551,1163,811
714: 400,457,285,762,850
715: 599,770,185,537,227,940
716: 652,667,978,1582,1215,1531
717: 567,177,1471,1264,753,1646
718: 196,183,216,374,608,561
719: 988,1297,601,1492,103,797
720: 214,394,708,884,620,242
721: 31,237,257,345,427,423
722: 1609,1192,1066,1581,922,634
723: 1222,1038,1613,680,383,1136
724: 576,977,926,1427,625,842
725: 683,195,82,1312,1266,280
726: 1452,490,661,131,764,471
727: 1021,977,1295,1028,558,386
728: 655,1296,707,783,1101,1365
729: 1649,1623,1469,1575,987
730: 1232,1478,763,1059,296,1705
731: 1056,606,135,351,1195,1025
732: 1282,228,1677,632,1036,483
733: 312,67,339,341,562,702
734: 910,870,647,1031,1188,1280
735: 885,46,768,340,60
736: 323,954,174,460,560,484
737: 679,496,230,267,231,172
738: 870,1049,1099,587,1141,1375
739: 1395,429,416,859,1644,1624
740: 506,218,445,568,866
741: 101,830,466,1622,1111,902
742: 680,383,706,1464,921,1531
743: 951,1008,542,1277,1218,574
744: 771,961,245,1208,777,817
745: 552,1231,1340,1179,1695,1263
746: 504,1322,600,544,1268
747: 1438,1570,1293,1210,1439,1591
748: 1146,586,923,218,322,1359
749: 479,959,1143,851,1104,953
750: 1120,695,487,550,1229,684
751: 1537,982,1353,1388,995,1763
752: 318,398,1326,539,424,92
753: 1588,1646,580,567,717,697
754: 234,119,1771,554,314
755: 1706,392,1181,1685,1113
756: 1472,1626,1223,1599,1377,1308
757: 669,891,660,613,1124,796
758: 1005,219,189,1170,347,357
759: 213,416,541,951,1218,1012
760: 614,769,1154,664,376,549
761: 495,769,577,1120,550,678
762: 850,714,457,1009,121
763: 1088,875,271,730,1478,296
764: 1452,661,726,945,1167,860
765: 145,183,70,179,115,95
766: 207,201,37,43,181,836
767: 1077,304,114,87,275,774
768: 735,46,278,86,60,29
769: 614,760,761,577,664,678
770: 415,715,599,965,548,537
771: 961,744,1220,848,1102,777
772: 534,1493,1267,945,1244,1190
773: 272,1053,1379,549,1446,336
774: 275,983,617,18,767,114
775: 213,541,607,525,681,808
776: 1767,1774,1076,915,1062
777: 817,1772,771,744,1102
778: 1100,670,1216,1137,1029,1714
779: 1671,1339,1197,596,928,1137,1216
780: 278,192,86,27,854,84
781: 843,1095,1526,417,612
782: 1497,1134,930,1283,1740
783: 728,707,691,1365,1225,829
784: 229,428,1119,414,797,1492
785: 1687,173,555,995,1763,1032
786: 576,1021,887,1177,1633,1171
787: 1324,1037,1638,476,1273
788: 699,565,631,963,545,819
789: 445,1369,322,142,249,1224
790: 1112,965,837,1367,1262,548
791: 914,418,634,1581,456,938
792: 426,1403,657,628,933,911
793: 190,814,566,1009,12
794: 49,1408,1266,280,904,264
795: 957,673,880,1276,1233,1106
796: 1168,1124,970,1123,757,891
797: 1119,784,1072,103,719,1492
798: 586,969,713,941,908,811
799: 361,884,558,926,394,1307
800: 1048,1673,1155,1731,1164
801: 39,144,1346,1565,1737
802: 1018,1279,210,824,1706,392
803: 1264,1181,1685,1127,1536
804: 59,195,350,136,374,196
805: 1403,433,481,826,310,628
806: 1499,1292,1577,1057,1757
807: 1667,1570,1735
808: 1236,851,459,525,775,607
809: 1729,1265,512,815,1598,1538
810: 466,1622,267,172,616,626
811: 1551,1135,645,941,798,713
812: 95,297,47,442,20,115
813: 1259,962,1384,1271,1625
814: 1419,190,793,836,286
815: 809,512,1654,1598,1356,1039
816: 686,546,1004,942,191,1349
817: 777,1253,1756,1772,1208,744,864
818: 896,873,284,1392,1554
819: 559,74,631,597,565,788
820: 493,73,579,1186,306,508
821: 1027,1739,516,292,1060,1078
822: 925,946,1358,697,1203,1380
823: 560,1089,174,382,475,134
824: 1243,682,1199,1706,1018,802
825: 1014,1571,343,320,1382,1683
826: 339,852,533,481,805,433
827: 686,546,857,1328,1229,695
828: 552,1601,1495,1332,1143,1104
829: 687,1225,696,1240,707,783
830: 741,1405,101,466,1078,254
831: 637,1167,1371,860,1128,1576
832: 1406,958,1688,1611,886
833: 265,1063,623,356,106
834: 1604,1249,1319,1434,1422,1630
835: 1481,1389,929
836: 814,181,286,766,43
837: 853,1112,965,790,942,1349
838: 1042,1738,1006
839: 639,493,903,377,1094
840: 1159,944,1142,1318,1096
841: 1353,1613,383,921,892
842: 625,701,1373,724,926,1307
843: 1212,781,203,1095,1526
844: 957,1305,880,1437,1482,869
845: 906,1398,1487,1158,1761,1374
846: 204,148,128,1436,72
847: 203,473,609,593,238
848: 1220,1625,1107,771,961,1589
849: 685,1611,1752,588,1430
850: 650,762,104,714,223
851: 1236,479,1143,808,749,459
852: 339,703,668,533,341,826
853: 1112,837,1204,1453,1211,1349
854: 24,388,84,100,192,780
855: 1142,523,590,899,1368
856: 630,656,1209,603,1728,1721
857: 964,604,1328,1211,827,546
858: 612,1282,1245,155,1313
859: 213,416,611,607,429,739
860: 1167,1371,831,1051,661,764
861: 485,107,1152,266,1456
862: 1609,1574,584,1053,1079,1321
863: 1476,1023,1054,1239,1705,993
864: 1086,1442,1208,637,817,1756
865: 539,403,359,453,1449,1468
866: 1198,1093,967,740,1359
867: 316,167,165,233,170,458
868: 279,976,591,406,703,533
869: 517,672,1517,844,1437,1482
870: 910,734,738,1049,647,1099
871: 1391,1383,1460,1339,1360
872: 369,685,540,413,1509,1366
873: 818,1692,896,1286,284,960
874: 1602,601,1532,1028,581,386
875: 1088,569,763,1478,69
876: 49,138,1408,450,81,232
877: 1276,625,701,1233,1628,1435
878: 1511,1659,1652
879: 1655,1076,1133,1486,915,1235
880: 957,795,844,1437,1396,1276
881: 1182,1494,1442,1620,1128,970
882: 315,602,1618,1116,909,1157
883: 1732,1260,1140,1189,1540,985
884: 361,486,799,708,720,394
885: 735,42,340,265,485
886: 1611,540,919,1238,958,832
887: 786,1021,1295,1681,1345,1171
888: 564,492,574,480,524,1075
889: 1005,467,189,979,193,262
890: 1174,1467,1657,1522
891: 669,757,1605,1620,970,796
892: 1643,1313,841,1537,1353
893: 1607,1015,1701
894: 1219,1134,1237,1700,1559
895: 1673,711,1619,1062
896: 818,1692,873,1718,368
897: 197,1585,209,187,1125,1530
898: 1154,664,1183,1562,1577,1610
899: 1159,855,523,1417,507
900: 1727,1220,1107,1334,1674,1764
901: 1070,1368,905,1173,590,1699
902: 569,194,1111,741,1622,513
903: 116,68,839,215,1094
904: 72,264,1205,794,280,1436
905: 1173,711,973,901,1234,1699
906: 1487,1158,845,1529,1108,1156
907: 1553,1091,1071,1678,480,1075
908: 1014,941,343,360,798,969
909: 1116,1566,1105,1760,882,1618
910: 1210,734,870,1049,1188,1439
911: 1267,1228,469,426,792,933
912: 381,8,1064,1019,404,981
913: 23,33,274,212,981,76
914: 279,791,418,481,456,310
915: 1076,879,1234,1486,1062,776
916: 509,348,193,281,1175,709
917: 676,448,25,1130,291,294
918: 1421,604,1118,1558,1351,950
919: 1279,1238,210,369,886,540
920: 1172,1458,1429,1678,1337,1068
921: 1643,1531,841,742,383
922: 1609,722,584,420,1040,634
923: 748,586,713,1163,142,322
924: 1702,1755,1762
925: 1423,1404,1742,946,822
926: 977,724,558,799,1307,842
927: 1712,1722,1635,1150,1466,1740
928: 1197,779,1137,1516,938
929: 1389,1479,835,1393,1485
930: 1150,1440,1283,989,1740,782
931: 109,1443,349,325,187,1530
932: 1533,659,1255,1467,1226,1246
933: 1384,585,657,792,1228,911
934: 1193,1528,1157,551,1305,1320
935: 250,1022,947,26,412
936: 654,1058,640,52,692,519
937: 698,313,1459,1600
938: 456,1516,1581,791,1197,928
939: 419,1426,309,205,1221
940: 227,955,25,537,715,191
941: 1068,343,908,645,811,798
942: 191,816,1349,965,837,537
943: 504,1030,691,592,1284
944: 840,1142,1655,1133,1318,1294
945: 772,1493,1452,764,1190,1167
946: 925,1404,822,1280,1031,1358
947: 1206,250,188,935,1022,1103
948: 1121,525,1287,681,470,1521
949: 1719,1046,997,1311
950: 1109,1490,918,604,1328,1351
951: 743,1277,1542,541,759,1218
952: 595,1217,1450,1519,1011,1561
953: 646,1304,959,749,1104,689
954: 323,458,736,460,500,170
955: 940,159,448,25,1004,191
956: 206,89,1409,1418,125,139
957: 795,673,1305,844,1320,880
958: 1406,832,1238,1448,1501,886
959: 479,749,953,689,1370,1325
960: 1247,1091,1286,1692,873
961: 771,245,1244,744,1589,848
962: 813,1384,534,1228,1625,1589
963: 135,545,693,699,1025,788
964: 857,1421,604,1211,1672,1204
965: 837,790,548,537,770,942
966: 1114,1733,1544,1750
967: 1198,1093,866,441,1726,603
968: 1727,1107,1259,1110,1117
969: 360,1146,798,586,908,1348
970: 1123,796,1620,891,1182,881
971: 1250,1026,1251,1554
972: 1052,1669,1348,1153,1350,1725
973: 905,1173,711,1047,1619,582
974: 1397,1495,1332,1272,984
975: 1090,1590,1414,1444,370,1296
976: 279,1040,418,868,591,1087
977: 576,1021,724,926,727,558
978: 305,667,716,1464,1531,1160
979: 467,889,295,553,1045,262
980: 400,223,1056,606,130
981: 23,913,404,76,381,912
982: 1546,751,1388,1543,1463,995
983: 275,690,252,617,774,994
984: 1272,289,1665,1397,974,173
985: 1707,1732,883
986: 1499,1057
987: 1067,1575,729
988: 1602,1297,463,601,719,1191
989: 930,1041,1440,1283,1098,1001
990: 309,199,332,1503,575
991: 1546,1353,1388,1613,1074
992: 1564,1711,1465
993: 1406,527,1448,1054,1023,863
994: 690,983,617,506,568,494
995: 785,1763,1463,1032,982,751
996: 214,443,394,1307,1007,1373
997: 1639,1274,1548,1311,949,1046
998: 83,623,106,675,412
999: 1626,1694,1599,1084
1000: 109,349,1420,244,1055,204
1001: 680,1098,1136,706,1041,989
1002: 1318,1508,1096,379,1461
1003: 1253,1738,1161,1474,1573
1004: 686,191,816,159,955,1184
1005: 219,467,889,189,1178,758
1006: 1253,1738,1772,1042,1102,838
1007: 996,214,443,444,672,710
1008: 743,619,1352,1275,542,1277
1009: 121,407,762,566,793
1010: 1306,1181,1588,1646,1366
1011: 1561,1201,1430,952,1519
1012: 564,1218,1644,1327,416,759
1013: 7,1420,152,164,89,1129
1014: 825,343,908,1248,1683,360
1015: 893,1660
1016: 1499,1292,1407,665,1552
1017: 1410,1675,1694
1018: 1279,802,1033,1415,1243,824
1019: 1064,236,422,498,8,912
1020: 305,553,618,1364,1178
1021: 576,786,977,1295,887,727
1022: 188,935,947,412,1617
1023: 1166,1476,1748,863,1534,527,1766,993
1024: 687,1225,1468,1030,583,1449
1025: 699,1477,135,963,731,606
1026: 971,1250,1593
1027: 821,302,1739,1060,704,447
1028: 361,558,581,386,874,727
1029: 1271,585,1714,1137,1385,778
1030: 504,943,691,583,1225,1024
1031: 643,1358,734,647,946,1280
1032: 1463,1140,1665,173,995,785
1033: 1018,1279,1238,1415,1501,663
1034: 1700,1559,1775,1085,1722
1035: 440,1175,633,1418,334,1496
1036: 1081,1132,1050,483,732,228
1037: 787,1324,1213,1658
1038: 1701,1222,723,1074,1613
1039: 1356,1378,598,815,1654,1525
1040: 976,418,634,420,1087,922
1041: 1440,989,1483,1138,1001,1136
1042: 1674,1102,838,1764,1006
1043: 141,268,256,505,58,1394
1044: 1484,395,1317,1262,548,415
1045: 1212,295,979,609,262
1046: 1719,949,997,1548,1260
1047: 1173,973,582,1240,572,1331
1048: 1680,800,1673
1049: 1210,910,870,738,587,700
1050: 1081,631,1132,1036,1258,597
1051: 1371,860,661,538,1605,1698
1052: 972,1348,1725,1248,1703,360
1053: 773,1379,1079,1446,862,584
1054: 1448,1232,1705,993,863
1055: 288,307,109,1000,204
1056: 980,731,606,1708,351
1057: 1207,1481,1757,986,806
1058: 936,654,380,52,304,114
1059: 1338,1239,1341,296,1705,730
1060: 1187,704,1027,821,101,1078
1061: 1397,1263,1433,502
1062: 1234,915,711,895,776
1063: 265,571,107,833,477,106
1064: 5,422,1019,404,338,912
1065: 133,116,68,58,570,1394
1066: 722,1192,1581,1200,1671,1197
1067: 1290,1697,987
1068: 1337,1571,941,343,1172,920
1069: 1110,1567,1117,1754
1070: 1331,1586,373,901,1368,1173
1071: 1553,1162,907,619,542,480
1072: 1093,441,1515,103,1119,797
1073: 297,47,256,146,505
1074: 1038,1390,1607,1546,991
1075: 1458,524,480,907,1678,888
1076: 879,915,1631,776,1774,1441,1235
1077: 333,1346,304,767,87,491
1078: 101,830,821,516,254,1060
1079: 1053,1446,1479,1321,862
1080: 651,235,85,642,519,425
1081: 1036,1050,689,1258,483,1304
1082: 391,1298,1411,1459,1600
1083: 1122,1169,367,1180,1447,1507
1084: 1599,1386,1291,1694,1675,999
1085: 1712,1722,1410,1034
1086: 1176,1494,1442,864,1474,1161,1756
1087: 591,1144,393,420,1040,976
1088: 616,569,763,875,271,626
1089: 560,1375,823,464,1310,475
1090: 975,1590,1668,1309,370
1091: 960,1429,1553,907,1678,1692
1092: 654,311,708,640,486,478
1093: 1072,866,441,1515,967
1094: 377,328,903,839,215,563
1095: 843,781,203,417,677,439
1096: 1318,1002,1578,1159,840,1461
1097: 496,230,373,636,507,523
1098: 1001,706,1283,989,666,1261
1099: 870,738,647,1375,464,1587
1100: 1754,778,1360,670,1535,1216
1101: 1365,1444,1193,1528,728,1296
1102: 1042,1764,1220,771,777,1006,1772
1103: 1206,188,947,178,401,147
1104: 1143,749,828,646,1332,953
1105: 1116,909,1106,1520,1760,673
1106: 1105,1520,1233,1539,795,673
1107: 1727,900,1220,1625,968,848
1108: 1529,1347,1399,1156,1632,906
1109: 950,1285,1490,1229,684,1328
1110: 1117,1069,670,1259,968
1111: 1187,239,741,101,513,902
1112: 853,837,790,1367,1453,1401
1113: 1302,1199,755,1706
1114: 966,1663,1733,1749
1115: 1343,1357,1550,1568,1545,1361
1116: 1105,909,673,1320,1157,882
1117: 1110,1567,1334,1069,1727,968
1118: 1301,1445,1223,1308,1421,918
1119: 494,414,784,797,1072,1515
1120: 750,550,529,684,678,761
1121: 653,1287,948,1470,1521
1122: 1083,1169,1355,1628,367,1435
1123: 364,1168,970,1489,796,1182
1124: 1168,796,757,660,1141,587
1125: 455,307,1530,897,1585
1126: 1557,1696,1428,1549
1127: 1475,531,1471,1536,803,1264
1128: 1620,637,1371,831,881,1442
1129: 244,16,1205,164,1420,1013
1130: 1768,676,917,294
1131: 327,1278,1715,1730
1132: 1036,1050,597,417,228,439
1133: 1655,879,1486,944,1142,590
1134: 1497,1219,894,1484,782
1135: 1551,1426,811,645,1149
1136: 680,1001,1222,1138,723,1041
1137: 928,779,778,1216,1029
1138: 1222,1660,1151,1483,1041,1136
1139: 653,1287,1542,644,1352,1277
1140: 1463,883,1189,1540,1665,1032
1141: 1375,1310,660,1124,738,587
1142: 944,840,855,590,1133
1143: 1236,851,749,1104,828,1601
1144: 197,591,393,1585,1087
1145: 1318,1469,1575,1294,1697
1146: 748,586,969,1348,1350,1359
1147: 1314,1480,299,1720,1713
1148: 1303,1347,1454,1241,1265,1413
1149: 1172,645,1458,524,1597,1135
1150: 1606,930,1440,1740,927,1635
1151: 1563,1483,1660,1138
1152: 571,107,861,98,1456,1254
1153: 1505,972,1669,1281,1725,1398,1527
1154: 898,664,760,1269,1610,376
1155: 1668,1731,1569,800,1164
1156: 1108,1632,906,1487,630,1729
1157: 1528,934,1320,1116,315,882
1158: 906,845,1227,1374,1323,1529
1159: 840,899,1578,1417,1096
1160: 618,1634,1261,1464,305,978
1161: 1253,1003,1756,1086,1474
1162: 1553,1071,1387,1550,619
1163: 1551,419,923,713,270,142
1164: 1155,800
1165: 413,1509,580,1217,1380,1519
1166: 1476,1315,1023,1455,1748
1167: 860,831,945,764,1190,1576
1168: 364,1124,700,1123,796,587
1169: 1122,1083,1355,1354,1507
1170: 227,676,185,219,758,347
1171: 1273,1633,1681,1638,786,887
1172: 645,1458,920,1149,1068
1173: 905,1047,973,1331,1070,901
1174: 890,1717,1533,1393,1467
1175: 709,1035,633,916,1496,281
1176: 1336,1086,1494,1474,1733,1749
1177: 1447,1633,576,786,1427,367
1178: 1005,467,1020,1402,1364
1179: 1335,1659,1695,1263,1433,745
1180: 1376,1447,1758,1083,1507
1181: 803,755,1010,1306,392
1182: 1336,881,1494,970,1123,1489
1183: 898,664,678,1562,1512,529
1184: 695,487,578,686,1004,159
1185: 1335,1511,1746,1707,1433,502
1186: 579,704,447,73,820,110
1187: 1060,239,579,704,1111,101
1188: 1249,1439,1319,910,734,1280
1189: 1463,1260,1140,883,1543,1548
1190: 245,1244,1576,772,945,1167
1191: 1356,598,1270,1602,988,463
1192: 1609,1574,722,1066,1200,659
1193: 1284,1101,1365,1528,934,551
1194: 1285,1490,1344,1552,1407,1512
1195: 351,462,1488,135,248,731
1196: 1751,1507,1513
1197: 1671,928,779,1066,1581,938
1198: 866,967,1726,1669,1350,1359
1199: 824,682,163,1113,522
1200: 1192,1066,659,1226,1671
1201: 1011,1430,1509,685,1519
1202: 327,1715,1354,1333,1641,1514
1203: 1612,1217,1450,1380,1423,822
1204: 1453,853,964,1211,1672
1205: 904,72,244,264,16,1129
1206: 250,1103,947,235,425,401
1207: 1057,1481
1208: 245,744,1576,637,817,864
1209: 671,630,656,1538,856
1210: 910,1049,700,747,1293,1439
1211: 857,964,1204,853,546,1349
1212: 843,1045,1526,652,295
1213: 1637,1658,1755,1654,1037,1525
1214: 1425,1713,1720
1215: 155,1582,1643,1531,716
1216: 1100,778,1360,1339,779,1137
1217: 1203,952,1450,1380,1519,1165
1218: 564,574,1012,743,951,759
1219: 894,1484,1134,1237,1367,1262
1220: 900,1107,848,771,1102,1764
1221: 270,621,515,939,419,205
1222: 1701,1660,1038,1138,723,1136
1223: 1299,1472,756,1445,1118,1308
1224: 270,13,621,142,249,789
1225: 687,1024,829,1030,691,783
1226: 1645,1246,659,932,1200
1227: 698,313,1374,1323,1252,1158
1228: 534,1267,911,962,1384,933
1229: 1109,684,1328,827,750,695
1230: 1506,1455,1748,1534,1711
1231: 552,745,470,1521,1601,1340
1232: 1448,730,1501,1054,663,1478
1233: 1276,877,1539,1628,795,1106
1234: 1486,915,1062,1699,905,711
1235: 1290,1441,1655,1076,879
1236: 1143,851,808,470,1601,525
1237: 1219,894,1676,1401,1367
1238: 1279,1033,919,1501,886,958
1239: 1329,1059,1341,1705,1476,863
1240: 572,707,829,696,1331,1047
1241: 1265,512,1654,1148,1413,1637
1242: 158,1243,513,682,610,194
1243: 824,1242,682,610,1018,1415
1244: 961,245,1190,1589,772,534
1245: 1282,858,1537,1687,1677,1313
1246: 1381,1645,1522,1226,932,1467
1247: 960,1553,1550,1545,1286
1248: 1683,1411,1703,1014,360,1052
1249: 1604,834,1188,1439,1319,1591
1250: 971,1026,1251,1593,1298
1251: 971,1250,1554,1718,1382
1252: 1557,1323,698,1227
1253: 1738,1161,1003,817,1006,1772
1254: 298,1661,292,1152,98,1456
1255: 1533,659,932,1321,1485,1574
1256: 205,330,111,309,378,1724
1257: 1315,1455,1629,1642,1451
1258: 1081,631,1050,689,545,1325
1259: 813,1271,1714,670,1110,968
1260: 883,1189,1046,1548
1261: 1160,1634,666,1098,706,1464
1262: 790,1367,548,1219,1484,1044
1263: 1061,1495,1433,1179,745
1264: 803,1127,1471,717,1646
1265: 809,1241,512,1347,1148,1632
1266: 49,794,105,280,725,1312
1267: 772,534,1493,1228,911,469
1268: 119,544,1424,504,583,746
1269: 1389,1479,1610,376,1154
1270: 598,1345,1191,1602,386,1295
1271: 813,1259,1029,1384,585,1714
1272: 646,1332,438,289,984,974
1273: 476,1376,1633,1171,787,1638
1274: 1639,1543,997,1390,1546
1275: 619,1008,1352,1480,299,1387
1276: 1396,877,701,1233,795,880
1277: 743,951,1008,1352,1139,1542
1278: 1131,1715,1566,1618,1524,1730
1279: 1018,802,1033,919,1238,210
1280: 1404,946,734,1031,1188,1319
1281: 1669,1153,1398,1726,1728
1282: 612,858,1245,732,228,1677
1283: 930,989,1098,1497,782,666
1284: 1365,1193,551,943,691,592
1285: 1194,1109,529,1490,684,1512
1286: 1357,1545,284,1498,960,1247,873
1287: 653,1121,1139,948,681,1542
1288: 1473,595,1612,1450
1289: 1400,1454,1303,1549
1290: 1067,1441,1697,1235
1291: 1599,1386,1377,1084,1453
1292: 806,1016,1499,1407,1562,1577
1293: 747,1438,1560,364,700,1210
1294: 1697,944,1655,1318,1145
1295: 1021,887,727,1345,1270,386
1296: 655,728,1101,1444,975,1414
1297: 988,463,719,671,656,103
1298: 1382,1082,1683,1411,1250
1299: 1472,1223,1445,1741
1300: 206,589,488,1409,472,57
1301: 1445,1118,1558,1500,1616
1302: 1113,328,335,522,1685
1303: 1347,1399,1549,1148,1454,1289
1304: 646,953,438,1081,689,483
1305: 957,844,1320,1482,934,551
1306: 1010,392,1181,210,1366,369
1307: 996,394,799,926,842,1373
1308: 1421,1672,756,1223,1377,1118
1309: 602,370,1504,1664,1090
1310: 1141,560,1375,484,1089,660
1311: 1639,997,949,1759
1312: 725,105,1266,498,482
1313: 155,1643,892,1537,858,1245
1314: 1147,1710,1720
1315: 1166,1476,1257,1329,1431,1642
1316: 1624,378,199,1724,1395,355
1317: 618,395,1634,1044,415,1364
1318: 1145,1002,1096,944,840,1294
1319: 834,1188,1249,1434,1404,1280
1320: 957,673,1305,1116,1157,934
1321: 1255,1485,1479,1079,1574,862
1322: 132,156,151,600,544,746
1323: 1557,1252,1428,1227,1158,1529
1324: 787,1037,1525,1638,1378,1681
1325: 1370,545,693,959,689,1258
1326: 516,318,298,398,254,752
1327: 564,492,1644,1012,1503,332
1328: 857,604,827,950,1109,1229
1329: 379,1239,1341,1476,1315,1431
1330: 1406,527,1766,1688,1564,1465
1331: 1070,1586,696,1240,1173,1047
1332: 646,1272,974,1495,828,1104
1333: 1751,327,1202
1334: 1117,1727,900
1335: 1511,1185,1179,1659,1433
1336: 1182,1176,1494,1489,1733,1682
1337: 1571,1068,1429,368,920
1338: 1059,1341,1461,296,489,1578
1339: 596,779,1460,871,1360,1216
1340: 1231,745,1709,1679,1695
1341: 379,1338,1329,1059,1239,1461
1342: 657,456,310,628,1516,1385
1343: 1115,1361,1710
1344: 1592,1555,1552,1351,1194,1490
1345: 1378,1681,598,1270,1295,887
1346: 333,1077,255,491,1737,39,801
1347: 1303,1108,1399,1148,1632,1265
1348: 972,1052,1350,360,1146,969
1349: 546,942,816,853,837,1211
1350: 972,1669,1348,1146,1359,1198
1351: 1344,1555,1558,918,950,1490
1352: 1008,1275,1277,644,299,1139
1353: 841,991,751,1388,892
1354: 1169,1355,1751,1514,1202
1355: 1539,1122,1169,1354,1628,1514
1356: 1039,598,1191,815,1598,463
1357: 1568,1115,1545,1286,1498,1648
1358: 643,567,1031,697,946,822
1359: 218,748,1146,1350,1198,866
1360: 1100,1535,1216,1339,1383,871
1361: 1480,1387,1710,1343,1550,1115
1362: 1563,1647,1416,1635,1606
1363: 1647,1689
1364: 415,599,1402,618,1317,1020,1178
1365: 1284,1101,1193,691,728,783
1366: 1588,413,1010,1306,369,872
1367: 1112,790,1262,1219,1237,1401
1368: 1070,373,901,855,523,590
1369: 506,789,445,249,690,615
1370: 693,248,1325,1502,479,959
1371: 1620,860,831,1128,1051,1605
1372: 497,626,507,230,267
1373: 1396,701,842,996,443,1307
1374: 313,1227,705,1158,845,1761
1375: 1141,464,1089,1310,738,1099
1376: 476,1273,1180,1447,1633,1758
1377: 1599,1291,756,1308,1672
1378: 1681,1039,598,1345,1324,1525
1379: 773,272,420,1053,393,584
1380: 1203,1217,697,1165,580,822
1381: 1645,1522,1246
1382: 1298,1683,320,1251,825
1383: 1391,871,1653,1693,1360,1535
1384: 813,962,1271,585,933,1228
1385: 657,1342,1516,1029,585
1386: 1291,1084,1401,1676
1387: 1361,1480,1550,619,1275,1162
1388: 1546,982,991,751,1353
1389: 1510,929,1269,1479,1610,835
1390: 510,1607,1639,1274,1074,1546
1391: 1383,1594,871,1693
1392: 1640,818,1554
1393: 1533,1485,929,1174,1717
1394: 133,58,1065,505,1043
1395: 429,355,462,739,1624,1316
1396: 1276,701,1373,443,880,1437
1397: 1061,974,1540,1665,984
1398: 1527,1487,1721,845,1153,1281,1728
1399: 1303,1529,1108,1347,1549,1428
1400: 1572,1595,1454,1289
1401: 1386,1453,1237,1112,1367
1402: 599,185,1364,219,1178
1403: 426,535,805,792,433,628
1404: 1434,925,1742,946,1280,1319
1405: 830,466,398,254,679,172
1406: 958,1330,527,993,832,1448
1407: 1016,1292,1552,1194,1562,1512
1408: 49,794,876,81,264,34
1409: 206,589,956,164,1300,89
1410: 1017,1775,1085
1411: 1082,391,1298,1248,1683,1703
1412: 1673,662,1556,1619,582
1413: 1637,1702,1148,1572,1454,1241
1414: 1556,975,1590,655,662,1296
1415: 1018,1033,1243,610,663,69
1416: 1362,1635
1417: 497,489,1578,1159,899
1418: 440,1035,334,125,206,956
1419: 190,814,71,56,501
1420: 7,349,1000,1013,244,1129
1421: 1308,918,964,604,1672,1118
1422: 1630,1716,1684,834,1434,658
1423: 925,1742,1203,1612,1579,1523
1424: 119,1268,674,583,359,1449
1425: 1214,1470,644,1713,653
1426: 575,1551,939,419,1135
1427: 625,576,724,1177,367,1435
1428: 1557,1126,1323,1529,1399,1549
1429: 1091,1678,1692,368,920,1337
1430: 1011,1518,588,1201,849
1431: 1642,1623,379,1329,1508,1315
1432: 1475,475,1471,464,1587,177
1433: 1061,1263,502,1335,1185,1179
1434: 1404,1742,834,1319,1422,658
1435: 1122,1628,367,1427,877,625
1436: 846,904,72,280,82
1437: 844,880,443,1396,869,672
1438: 747,1560,1570,1750,1765,1293,1769
1439: 1188,1249,1591,1210,910,747
1440: 1606,1150,930,1041,989,1483
1441: 1290,1235,1076,1631
1442: 1086,881,1494,864,637,1128
1443: 7,137,931,349,122,325
1444: 1101,1528,315,370,1296,975
1445: 1301,1118,1616,1741,1299,1223
1446: 773,1053,1079,549,376
1447: 1376,1180,1177,1633,1083,367
1448: 1501,1232,1054,1406,958,993
1449: 359,865,1424,583,1468,1024
1450: 595,1203,1612,1217,952,1288
1451: 1455,1257,1629
1452: 490,726,764,396,1493,945
1453: 1204,1291,1401,853,1112
1454: 1400,1572,1289,1303,1148,1413
1455: 1166,1748,1257,1230,1451
1456: 1739,861,1152,1254,292
1457: 1663,1749,1474,1547
1458: 1172,524,1075,920,1149,1678
1459: 313,937,705,1600,1082,391
1460: 1645,1339,596,871
1461: 379,1338,1341,1578,1002,1096
1462: 334,347,1496,1690,357,1768
1463: 1140,1189,1032,1543,982,995
1464: 742,706,1531,1160,1261,978
1465: 992,1564,1711,1330,1766,1534
1466: 1740,927,1722,1559
1467: 1533,932,890,1174,1522,1246
1468: 687,1024,453,865,1449
1469: 1508,1145,1575,729,1623
1470: 1425,1584,653,1121
1471: 1127,1475,1432,1264,177,717
1472: 1299,1626,756,1223
1473: 1288,1612,1579
1474: 1176,1086,1161,1003,1457,1749
1476: 1166,1315,1023,863,1329,1239
1477: 699,605,1025,130,80,606
1478: 730,1232,663,69,763,875
1479: 1389,929,1269,1079,1321,1485
1480: 1147,1361,299,1387,1710,1275
1481: 1207,1057,835,1757
1482: 1305,844,869,1517,592,551
1483: 1151,1563,1138,1606,1041,1440
1484: 1497,1219,1134,1044,395,1262
1485: 1533,1255,1393,1321,929,1479
1486: 879,1133,1234,915,1699
1487: 906,1398,1721,845,1156,630
1488: 1195,429,462,611,248,1502
1489: 364,1123,1336,1182,1682,1560
1490: 1194,950,1109,1285,1344,1351
1491: 1743,1664
1492: 601,719,1532,428,784,797
1493: 772,1267,469,945,1452,396
1494: 1336,1182,1176,1086,881,1442
1495: 974,1263,552,828,1332
1496: 1462,334,357,281,1175,1035
1497: 1484,782,1134,1283,395,666
1498: 284,1648,1357,1286
1499: 986,806,1016,1292
1500: 1301,1558,1616,1555,1666
1501: 1448,1232,663,1033,1238,958
1502: 1370,248,479,459,611,1488
1503: 492,1327,1597,990,332,575
1504: 1309,602,1618,1524,1664
1505: 1153,1725,391,1703,705,1527
1506: 1230,1711
1507: 1196,1180,1513,1083,1169
1508: 1469,1002,379,1431,1623
1509: 413,1165,685,872,1519,1201
1510: 1389,1610,1577,1757
1511: 1335,1185,878,1746
1512: 1183,1562,1194,1285,529,1407
1513: 1196,1507
1514: 1641,1520,1539,1355,1354,1202
1515: 1072,1093,568,494,1119
1516: 456,1342,1385,938,928
1517: 869,517,600,1482,592
1518: 588,1430,1734,1723
1519: 1217,952,1165,1509,1011,1201
1520: 1105,1641,1106,1514,1760,1539
1521: 1231,470,1709,1121,948
1522: 1381,1246,890,1467,1657
1523: 1579,658,1662,1423,1742
1524: 1614,1730,1278,1504,1618
1525: 1324,1654,1213,1378,1039
1526: 843,1212,781,1582,652
1527: 1398,1761,1505,1153
1528: 1101,1444,1193,1157,934,315
1529: 1108,1399,1323,1428,906,1158
1530: 307,1125,187,109,931,897
1531: 921,1215,742,1464,716,978
1532: 601,1492,874,428,581,478
1533: 1255,932,1393,1467,1485,1174
1534: 1023,1748,1766,1711,1465,1230
1535: 1754,1100,1360,1383,1653
1536: 1127,531,521,335,803,1685
1537: 751,1687,1763,1313,892,1245
1538: 671,630,1209,809,1729,1598
1539: 1355,1628,1233,1106,1514,1520
1540: 1732,1140,883,1665,1397,502
1541: 150,139,474,122,152,1603
1542: 1139,1287,681,951,1277,541
1543: 1274,1548,1463,1189,982
1544: 966,1745
1545: 1357,1550,1115,1286,1247
1546: 982,991,1388,1390,1274,1074
1547: 1457,1663
1548: 1543,997,1046,1260,1189
1549: 1303,1399,1126,1428,1289
1550: 1115,1545,1361,1387,1247,1162
1551: 1163,419,1426,1135,811,713
1552: 1592,1344,665,1194,1016,1407
1553: 1247,1162,907,1091,1071
1554: 971,1251,1392,818,1718
1555: 1592,1344,1666,1351,1558,1500
1556: 1590,1731,1414,662,1412
1557: 1126,1323,1696,1252,1428
1558: 1301,1500,918,1555,1351
1559: 1034,1700,1722,1466,894
1560: 1438,1293,1769,364,1489,1682
1561: 1011,1621,595,952,1753,1596
1562: 898,1183,1577,1512,1292,1407
1563: 1151,1362,1483,1647,1606
1564: 992,1776,1465,1330,1752
1565: 528,436,198,1737,144,1608,801
1566: 909,1760,1278,1618
1567: 1117,1069
1568: 1357,1115,1648
1569: 1155,1668
1570: 747,1438,1735,1765,1591,807
1571: 1337,1068,825,343,320,368
1572: 1400,1595,1454,1413,1702
1573: 1738,1003
1574: 1609,1192,862,659,1255,1321
1575: 1697,1145,1469,729,987
1576: 245,1190,1208,637,1167,831
1577: 898,1562,806,1292,1510,1610
1578: 489,1417,1159,1338,1461,1096
1579: 1662,1523,1423,1612,1473
1580: 144,651,235,1608,250,26
1581: 722,1066,791,634,1197,938
1582: 155,1215,652,716,1526
1583: 201,181,99,452,436
1584: 1627,1679,1773,1470,1709
1585: 897,197,1144,1125
1586: 1331,1070,373,636,405,696
1587: 643,177,464,1432,647,1099
1588: 753,413,1646,580,1366,1010
1589: 961,1244,962,534,1625,848
1590: 1090,1556,975,1668,1731,1414
1591: 1604,1249,1439,747,1570,1735
1592: 1344,665,1555,1552,1666,1670
1593: 1250,1026,1600
1594: 1391,1693
1595: 1400,1572
1596: 1561,1621,1753
1597: 524,1149,492,1503,575
1598: 809,815,671,1538,463,1356
1599: 1291,1377,1084,999,1626,756
1600: 1459,937,1593,1082
1601: 552,1231,470,828,1236,1143
1602: 988,601,874,1270,1191,386
1603: 150,474,1541,468,294
1604: 834,1249,1591,1735,1630
1605: 669,891,1698,1620,1371,1051
1606: 1150,1440,1362,1563,1483,1635
1607: 510,1390,893,1701,1074
1608: 144,1580,1565,198,675,26
1609: 1574,722,1192,922,862,584
1610: 1510,1389,1269,1154,898,1577
1611: 685,849,886,540,832
1612: 1203,1450,1423,1579,1473,1288
1613: 841,991,1038,723,383
1614: 1524,1743,1730
1615: 76,381,624,446,20
1616: 1301,1445,1500,1741
1617: 554,247,1022,477
1618: 602,882,1504,1566,909,1278,1524
1619: 711,973,582,895,1412,1673
1620: 1371,1128,1605,891,881,970
1621: 1561,1734,1596
1622: 741,466,810,616,569,902
1623: 1431,729,1642,1686,1649,1508,1469
1624: 199,332,1316,1644,1395,739
1625: 1107,848,813,962,1589
1626: 1472,999,756,1599
1627: 1584,1773
1628: 1539,1122,1355,1435,877,1233
1629: 1686,1257,1451
1630: 1422,1651,1716,1604,834
1631: 1774,1076,1441
1632: 1108,1347,1156,1729,1265
1633: 1273,1376,1177,1447,1171,786
1634: 618,1160,395,1317,666,1261
1635: 927,1416,1362,1606,1150
1636: 1744
1637: 1413,1213,1702,1755,1241
1638: 787,1324,1681,1273,1171
1639: 1274,997,1311,510,1390
1640: 1392
1641: 1514,1520,1760,1202,1715
1642: 1431,1686,1623,1315,1257
1643: 155,1313,921,892,1215
1644: 1327,1012,416,739,1624,332
1645: 1381,1460,1226,1246
1646: 753,1588,1010,1264,717
1647: 1362,1363,1563,1689
1648: 1498,1357,1568
1649: 729,1656,1686,1623
1650: 1652,1679,1773
1651: 1630,1716,1667
1652: 1650,878,1659
1653: 1383,1693,1535,1691
1654: 1241,512,815,1213,1039,1525
1655: 879,1133,944,1294,1235
1656: 1686,1649
1657: 890,1522
1658: 1213,1755,1762,1037
1659: 1335,1179,878,1652,1695
1660: 1701,1222,1138,1151,1015
1661: 318,298,1254,96,390,98
1662: 1579,658,1523
1663: 1457,1114,1749,1547
1664: 1743,1309,1504,1491
1665: 1140,1540,1032,1397,173,984
1666: 1592,1555,1670,1500
1667: 807,1735,1651
1668: 1155,1090,1590,1731,1569
1669: 972,1153,1350,1281,1198,1726
1670: 1592,665,1666
1671: 1197,596,779,1066,1200
1672: 1308,1421,964,1204,1377
1673: 1048,800,895,1412,1619
1674: 1042,1744,1764,900
1675: 1017,1676,1694,1084
1676: 1700,1675,1237,1386
1677: 1687,555,632,1282,1245,732
1678: 1429,907,1091,1458,1075,920
1679: 1650,1584,1695,1340,1709
1680: 1048
1681: 1378,1345,1324,1638,887,1171
1682: 1733,1336,1489,1560,1769
1683: 1382,1298,1248,1411,1014,825
1684: 1422,1716,658
1685: 803,755,1302,335,1536
1686: 1629,1642,1656,1649,1623
1687: 555,1677,785,1763,1537,1245
1688: 1330,832,1752
1689: 1363,1647
1690: 1462,334,1768,125,150
1691: 1653,1693
1692: 896,873,368,960,1429,1091
1693: 1391,1383,1594,1653,1691
1694: 1017,1675,999,1084
1695: 1679,1179,1659,745,1340
1696: 1557,1126
1697: 1290,1067,1575,1294,1145
1698: 669,1605,243,538,1051
1699: 1234,1486,901,905,590
1700: 1676,1034,1559,1775,894
1701: 1222,1660,1038,893,1607
1702: 924,1413,1637,1755,1572
1703: 391,1248,1411,1505,1052,1725
1704: 65,302,184,1747,110,447
1705: 1059,1239,730,1054,863
1706: 755,392,1113,824,802
1707: 985,1185,1746
1708: 140,400,1056,351,355
1709: 1521,1340,1584,1679
1710: 1314,1361,1480,1343
1711: 992,1465,1534,1506,1230
1712: 1085,927,1722
1713: 1214,1425,644,1147,299,1720
1714: 1259,1029,1271,778,670
1715: 327,1131,1278,1202,1641
1716: 1422,1630,1651,1684
1717: 1174,1393
1718: 320,896,1251,1554
1719: 949,1046
1720: 1314,1147,1214,1713
1721: 1398,1487,630,856,1728
1722: 1085,927,1712,1466,1034,1559
1723: 1776,1518
1724: 309,378,199,1316,1256
1725: 1505,972,1052,1153,1703
1726: 1198,967,1669,1281,603,1728
1727: 900,1107,968,1117,1334
1728: 856,603,1281,1398,1721,1726
1729: 809,1156,1632,630,1538
1730: 1524,1614,1131,1278
1731: 1155,1556,1590,1668,800
1732: 883,1540,985,502
1733: 1114,966,1749,1682,1336,1176
1734: 1518,1621
1735: 1570,1604,1591,807,1667
1736: 538,526,514,518,131
1737: 436,1565,255,1346,801
1738: 1253,1003,1006,838,1573
1739: 1027,821,1456,302,292
1740: 1150,930,1466,927,782
1741: 1445,1616,1299
1742: 1434,1423,925,1404,1523
1743: 1614,1664,1491
1744: 1674,1636
1745: 1765,1544
1746: 1511,1185,1707
1747: 184,409,1704,126,110
1748: 1166,1023,1455,1534,1230
1749: 1457,1114,1663,1733,1176,1474
1750: 1438,1765,1769,966
1751: 1333,1196,1354
1752: 1688,849,588,1564,1776
1753: 595,1561,1596
1754: 1100,670,1535,1069
1755: 924,1637,1213,1658,1702,1762
1756: 1161,817,1086,864
1757: 1057,1481,806,1510
1758: 476,1376,1180
1759: 1311
1760: 1566,1105,909,1641,1520
1761: 1527,845,705,1374
1762: 924,1658,1755
1763: 1687,995,785,1537,751
1764: 1042,1674,1102,900,1220
1765: 1745,1438,1570,1750
1766: 1330,527,1023,1534,1465
1767: 776,1774
1768: 1462,1130,347,1690,676
1769: 1438,1560,1750,1682
1770: 123,384,434,146,274
1771: 119,754,674,390
1772: 777,1253,817,1006,1102
1773: 1650,1584,1627
1774: 1631,776,1767,1076
1775: 1410,1034,1700
1776: 1564,1723,1752,588