0: 17,95,3,6
99: 42,44,79
2: 95,78,9,73,4,84
3: 54,95,9,107,0
4: 89,37,55,2,78,73
5: 76,23,8,54,9,73
6: 49,47,57,0
7: 53,16,84,26,120,78
8: 76,5,21,37,67,73
9: 54,2,95,3,73,5
10: 43,29,132,70,109
11: 89,60,68,117,39,18
12: 92,31,72,111,59,80
13: 20,63,105,119,88,110
14: 87,49,75,47,125
15: 100,128,68,94,39
16: 53,7,109,26,61,70
17: 77,41,66,0,49
18: 38,39,26,120,11,89
19: 38,94,61,104,131
20: 83,63,105,13
21: 119,76,8,82,58,67
22: 77,66,27,124,48,108
23: 76,5,110,69,54,40
24: 80,64,126
25: 91,137
26: 38,61,120,18,7,16
27: 22,77,107,124,121
28: 52,131,61,70
29: 43,10,109,86,85,45
30: 137,100,115,97
31: 92,12,79,33,103,59
32: 113,124,108
33: 58,103,67,59,122,31
34: 129,136
35: 65,98,100,97
36: 121,71,40,106,69
37: 55,4,122,73,8
38: 94,39,26,61,19,18
39: 38,94,18,15,68,11
40: 36,54,23,69,107
41: 17,66,49,75,138,112
42: 99,98
43: 116,29,10,132,45
44: 65,99,134
45: 116,43,29,85
46: 81,83,63
47: 14,6,125,57,86,85
48: 108,22,66
49: 14,6,75,17,41
52: 93,28,127
53: 7,109,57,16,86,84
54: 3,9,23,5,107,40
55: 89,118,60,37,4,122
56: 114,90,135,93,102,104
57: 53,86,84,6,47
58: 82,33,67,59,64,21
59: 33,58,12,31,80,64
60: 11,89,118,55,117
61: 38,26,19,28,70,16
62: 114,90,91,137,115
63: 20,83,13,88,46,81
64: 80,24,126,82,58,59
65: 35,117,98,44
66: 17,22,77,41,48
67: 33,58,122,8,21
68: 100,15,117,39,11
69: 23,88,110,36,40
70: 10,28,61,109,16
71: 36,121,106,123
72: 111,133,12,80
73: 2,9,37,4,8,5
74: 87,125,130
75: 87,14,49,138,41
76: 119,23,8,5,110,21
77: 17,22,66,107,27
78: 2,120,4,7,84
79: 92,31,99
80: 24,64,12,72,59
81: 46,88,63,106
82: 58,64,126,119,21,105
83: 20,63,46
84: 53,7,57,2,95,78
85: 86,29,45,47,125
86: 53,109,57,85,29,47
87: 14,75,130,74,129
88: 110,69,63,13,81
89: 11,60,55,4,120,18
90: 114,56,62,115,128,104
91: 25,62,137
92: 12,96,79,31,111
93: 52,102,131,56
94: 38,39,19,104,15,128
95: 2,3,9,84,0
96: 92,111
97: 30,100,35
98: 42,35,65
100: 30,15,97,68,35
101: 113,123
102: 93,56,135
103: 33,134,31,118
104: 94,19,56,90,128,131
105: 20,13,82,126,119
106: 36,71,81,123
107: 77,27,54,3,40
108: 48,22,124,32
109: 53,16,86,29,10,70
110: 119,76,23,88,69,13
111: 72,92,12,96
112: 136,138,41
113: 101,32
114: 56,90,62,135
115: 137,30,128,90,62
116: 43,45
117: 65,68,11,60
118: 60,55,134,103,122
119: 76,110,21,82,105,13
120: 26,18,89,7,78
121: 36,124,71,27
122: 33,67,118,37,55
123: 71,106,101
124: 121,22,27,108,32
125: 14,47,85,74
126: 24,64,82,105
127: 52,132
128: 115,15,90,94,104
129: 34,136,87,130
130: 87,74,129
131: 93,28,19,104
132: 43,10,127
133: 72
134: 44,118,103
135: 114,56,102
136: 34,112,129,138
137: 30,115,91,25,62
138: 75,41,112,136